1042.452273	694.7999878
1043.018714	694.5999756
1043.585098	691.0
1044.151424	691.5999756
1044.717692	692.7999878
1045.283903	690.4000244
1045.850056	690.2000122
1046.416151	692.4000244
1046.982188	690.4000244
1047.548167	689.0
1048.114089	688.7999878
1048.679953	690.0
1049.24576	685.2000122
1049.811509	689.2000122
1050.3772	686.2000122
1050.942833	685.0
1051.508408	686.2000122
1052.073926	686.5999756
1052.639387	687.5999756
1053.204789	690.5999756
1053.770134	685.5999756
1054.335421	684.5999756
1054.900651	684.2000122
1055.465823	683.0
1056.030937	682.0
1056.595993	683.4000244
1057.160992	686.2000122
1057.725934	685.4000244
1058.290817	685.5999756
1058.855643	682.7999878
1059.420411	687.0
1059.985122	682.0
1060.549775	687.2000122
1061.114371	687.7999878
1061.678908	685.5999756
1062.243389	685.5999756
1062.807811	683.5999756
1063.372176	685.4000244
1063.936483	683.0
1064.500733	685.2000122
1065.064925	685.2000122
1065.62906	681.0
1066.193137	685.5999756
1066.757156	684.2000122
1067.321118	684.7999878
1067.885022	682.4000244
1068.448869	687.2000122
1069.012658	685.4000244
1069.57639	685.4000244
1070.140063	691.0
1070.70368	685.5999756
1071.267239	683.4000244
1071.83074	685.4000244
1072.394184	682.0
1072.95757	686.2000122
1073.520899	683.4000244
1074.08417	685.5999756
1074.647383	685.5999756
1075.21054	683.7999878
1075.773638	683.2000122
1076.336679	682.2000122
1076.899663	684.2000122
1077.462589	679.4000244
1078.025457	682.7999878
1078.588268	682.2000122
1079.151022	681.0
1079.713718	682.7999878
1080.276356	682.7999878
1080.838937	687.0
1081.401461	684.4000244
1081.963927	684.4000244
1082.526336	682.5999756
1083.088687	684.5999756
1083.650981	680.5999756
1084.213217	683.7999878
1084.775396	681.0
1085.337517	679.5999756
1085.899581	683.4000244
1086.461587	679.0
1087.023536	683.7999878
1087.585428	686.0
1088.147262	681.5999756
1088.709039	683.7999878
1089.270758	682.0
1089.83242	684.2000122
1090.394024	683.5999756
1090.955571	684.2000122
1091.517061	682.7999878
1092.078493	681.2000122
1092.639868	683.4000244
1093.201185	683.0
1093.762445	681.7999878
1094.323648	681.4000244
1094.884793	680.5999756
1095.445881	684.5999756
1096.006911	681.0
1096.567884	683.0
1097.1288	689.0
1097.689659	681.2000122
1098.25046	683.4000244
1098.811203	684.0
1099.37189	678.4000244
1099.932518	684.5999756
1100.49309	682.5999756
1101.053604	684.4000244
1101.614061	677.4000244
1102.174461	683.4000244
1102.734803	679.7999878
1103.295088	683.0
1103.855316	684.0
1104.415486	681.7999878
1104.975599	682.0
1105.535655	677.0
1106.095653	680.5999756
1106.655594	678.7999878
1107.215478	679.4000244
1107.775305	682.4000244
1108.335074	683.4000244
1108.894786	681.5999756
1109.45444	678.0
1110.014038	684.5999756
1110.573578	681.5999756
1111.133061	682.2000122
1111.692486	683.4000244
1112.251854	682.7999878
1112.811165	683.2000122
1113.370419	683.2000122
1113.929616	680.7999878
1114.488755	681.4000244
1115.047837	680.7999878
1115.606862	680.7999878
1116.16583	683.5999756
1116.72474	675.2000122
1117.283593	679.0
1117.842389	678.4000244
1118.401128	680.4000244
1118.959809	682.0
1119.518433	686.5999756
1120.077	678.5999756
1120.63551	684.0
1121.193963	681.4000244
1121.752358	681.0
1122.310697	681.2000122
1122.868978	682.0
1123.427202	682.0
1123.985368	680.7999878
1124.543478	681.7999878
1125.10153	685.0
1125.659526	686.7999878
1126.217464	682.4000244
1126.775345	679.0
1127.333168	679.2000122
1127.890935	683.4000244
1128.448644	677.7999878
1129.006297	681.4000244
1129.563892	680.0
1130.12143	678.4000244
1130.678911	680.2000122
1131.236335	680.4000244
1131.793701	681.0
1132.351011	682.0
1132.908263	680.7999878
1133.465458	679.5999756
1134.022597	683.0
1134.579678	678.5999756
1135.136702	681.4000244
1135.693669	684.4000244
1136.250578	682.2000122
1136.807431	679.2000122
1137.364227	684.0
1137.920965	684.0
1138.477647	681.2000122
1139.034271	684.2000122
1139.590839	682.5999756
1140.147349	684.5999756
1140.703802	681.5999756
1141.260198	682.2000122
1141.816537	680.4000244
1142.37282	680.5999756
1142.929045	683.2000122
1143.485213	683.0
1144.041323	686.0
1144.597377	682.0
1145.153374	686.0
1145.709314	682.4000244
1146.265197	681.7999878
1146.821023	685.4000244
1147.376792	686.5999756
1147.932503	684.0
1148.488158	685.0
1149.043756	688.2000122
1149.599297	693.4000244
1150.154781	709.5999756
1150.710207	737.5999756
1151.265577	711.7999878
1151.82089	690.5999756
1152.376146	680.5999756
1152.931345	681.0
1153.486487	679.4000244
1154.041572	682.0
1154.5966	682.0
1155.151571	680.2000122
1155.706485	681.0
1156.261342	682.5999756
1156.816142	681.5999756
1157.370885	684.0
1157.925572	679.2000122
1158.480201	681.7999878
1159.034774	684.4000244
1159.589289	681.0
1160.143748	681.2000122
1160.698149	680.4000244
1161.252494	681.0
1161.806782	679.0
1162.361013	685.0
1162.915187	681.5999756
1163.469304	681.7999878
1164.023364	683.2000122
1164.577368	680.4000244
1165.131314	682.0
1165.685204	685.0
1166.239036	682.5999756
1166.792812	678.7999878
1167.346531	684.4000244
1167.900193	680.0
1168.453798	680.5999756
1169.007347	680.0
1169.560838	681.7999878
1170.114273	680.5999756
1170.66765	683.4000244
1171.220971	685.0
1171.774235	683.7999878
1172.327443	682.7999878
1172.880593	681.4000244
1173.433687	680.7999878
1173.986723	679.5999756
1174.539703	682.0
1175.092626	683.2000122
1175.645493	681.2000122
1176.198302	682.7999878
1176.751055	682.5999756
1177.303751	679.2000122
1177.85639	680.0
1178.408972	681.0
1178.961498	681.7999878
1179.513966	679.7999878
1180.066378	683.2000122
1180.618733	680.4000244
1181.171032	678.4000244
1181.723273	679.5999756
1182.275458	680.5999756
1182.827586	677.0
1183.379657	679.5999756
1183.931672	680.7999878
1184.48363	680.5999756
1185.035531	680.7999878
1185.587375	683.2000122
1186.139162	681.5999756
1186.690893	678.5999756
1187.242567	681.4000244
1187.794184	679.0
1188.345745	682.0
1188.897249	683.5999756
1189.448696	681.2000122
1190.000086	682.7999878
1190.55142	682.7999878
1191.102697	682.2000122
1191.653918	682.2000122
1192.205081	685.0
1193.307238	697.2000122
1193.858232	679.7999878
1194.409169	678.0
1194.960049	680.0
1195.510872	683.2000122
1196.061639	682.0
1196.612349	682.0
1197.163003	680.4000244
1197.713599	680.0
1198.264139	683.7999878
1198.814623	681.4000244
1199.36505	682.0
1199.91542	678.5999756
1200.465734	679.5999756
1201.01599	680.7999878
1201.566191	678.4000244
1202.116334	680.2000122
1202.666421	680.5999756
1203.216452	681.0
1203.766425	680.5999756
1204.316343	682.0
1204.866203	679.5999756
1205.416007	681.4000244
1205.965754	682.7999878
1206.515445	677.5999756
1207.065079	682.0
1207.614657	681.0
1208.164177	682.0
1208.713642	678.0
1209.26305	681.0
1209.812401	680.0
1210.361695	684.0
1210.910933	682.2000122
1211.460115	677.7999878
1212.00924	684.2000122
1212.558308	679.7999878
1213.10732	681.0
1213.656275	679.2000122
1214.205174	684.0
1214.754016	680.7999878
1215.302801	679.7999878
1215.85153	677.7999878
1216.400203	680.7999878
1216.948819	677.7999878
1217.497378	679.5999756
1218.045881	681.2000122
1218.594327	681.2000122
1219.142717	678.4000244
1219.691051	681.5999756
1220.239327	681.2000122
1220.787548	678.2000122
1221.335712	682.4000244
1221.883819	678.2000122
1222.43187	681.5999756
1222.979864	679.7999878
1223.527802	680.7999878
1224.075683	680.0
1224.623508	680.4000244
1225.171277	681.0
1225.718989	684.4000244
1226.266644	682.5999756
1226.814243	682.0
1227.361786	682.5999756
1227.909272	680.5999756
1228.456702	679.0
1229.004075	678.5999756
1229.551392	679.5999756
1230.098652	679.7999878
1230.645856	679.7999878
1231.193003	681.4000244
1231.740094	682.5999756
1232.287129	680.2000122
1232.834107	683.5999756
1233.381029	683.7999878
1233.927894	683.0
1234.474703	681.0
1235.021455	679.4000244
1235.568151	680.0
1236.114791	679.7999878
1236.661374	680.4000244
1237.207901	680.7999878
1237.754372	680.2000122
1238.300786	682.5999756
1238.847144	680.7999878
1239.393445	682.5999756
1239.93969	679.5999756
1240.485879	681.2000122
1241.032011	678.7999878
1241.578087	681.0
1242.124106	682.2000122
1242.67007	679.7999878
1243.215976	682.5999756
1243.761827	678.0
1244.307621	682.4000244
1244.853359	680.5999756
1245.39904	678.0
1245.944665	680.2000122
1246.490234	679.7999878
1247.035746	683.0
1247.581203	680.7999878
1248.126602	678.7999878
1248.671946	681.4000244
1249.217233	679.7999878
1249.762464	681.2000122
1250.307638	682.4000244
1250.852757	683.7999878
1251.397819	677.2000122
1251.942824	680.4000244
1252.487774	678.4000244
1253.032667	680.7999878
1253.577503	682.0
1254.122284	682.7999878
1254.667008	679.2000122
1255.211676	682.7999878
1255.756288	681.5999756
1256.300843	680.5999756
1256.845342	680.4000244
1257.389785	681.4000244
1257.934172	681.7999878
1258.478502	678.7999878
1259.022776	680.7999878
1259.566994	684.2000122
1260.111156	690.2000122
1260.655261	682.0
1261.199311	682.5999756
1261.743304	677.2000122
1262.28724	682.5999756
1262.831121	682.4000244
1263.374945	682.7999878
1263.918713	682.5999756
1264.462425	684.5999756
1265.006081	697.0
1265.54968	698.5999756
1266.093223	693.4000244
1266.636711	682.7999878
1267.180141	678.5999756
1267.723516	681.2000122
1268.266835	682.7999878
1268.810097	679.2000122
1269.353303	682.0
1269.896453	678.4000244
1270.439547	683.2000122
1270.982584	678.4000244
1271.525566	682.0
1272.068491	679.4000244
1272.61136	679.7999878
1273.154173	681.2000122
1273.69693	679.0
1274.239631	680.2000122
1274.782275	681.2000122
1275.324864	679.0
1275.867396	681.7999878
1276.409872	680.2000122
1276.952292	681.2000122
1277.494656	678.5999756
1278.036964	679.0
1278.579215	679.5999756
1279.121411	684.0
1279.66355	681.7999878
1280.205634	680.7999878
1280.747661	678.2000122
1281.289632	680.4000244
1281.831547	682.2000122
1282.373406	683.0
1282.915209	685.7999878
1283.456955	685.0
1283.998646	690.7999878
1284.540281	716.5999756
1285.081859	849.5999756
1285.623381	988.0
1286.164848	796.7999878
1286.706258	706.0
1287.247612	693.0
1287.788911	686.4000244
1288.330153	687.2000122
1288.871339	681.4000244
1289.412469	682.7999878
1289.953543	680.7999878
1290.494561	682.5999756
1291.035523	680.2000122
1291.576428	683.2000122
1292.117278	681.7999878
1292.658072	681.0
1293.19881	681.2000122
1293.739492	682.7999878
1294.280118	677.4000244
1294.820687	683.2000122
1295.361201	680.4000244
1295.901659	680.2000122
1296.442061	681.7999878
1296.982406	683.5999756
1297.522696	682.7999878
1298.06293	677.4000244
1298.603108	679.0
1299.143229	680.5999756
1299.683295	676.7999878
1300.223305	681.5999756
1300.763259	680.4000244
1301.303157	680.4000244
1301.842999	682.5999756
1302.382785	677.2000122
1302.922515	678.5999756
1303.462189	677.7999878
1304.001807	682.0
1304.541369	684.0
1305.080875	681.0
1305.620326	680.2000122
1306.15972	678.2000122
1306.699058	679.0
1307.238341	680.2000122
1307.777567	679.0
1308.316738	678.7999878
1308.855853	677.5999756
1309.394912	681.2000122
1309.933915	680.4000244
1310.472862	679.5999756
1311.011753	678.5999756
1311.550588	680.2000122
1312.089367	680.7999878
1312.62809	679.0
1313.166758	683.2000122
1313.70537	682.2000122
1314.243925	683.2000122
1314.782425	679.4000244
1315.320869	682.4000244
1315.859257	681.7999878
1316.397589	678.0
1316.935866	679.4000244
1317.474086	681.0
1318.012251	684.4000244
1318.55036	679.7999878
1319.088413	681.2000122
1319.62641	680.7999878
1320.164351	680.5999756
1320.702236	684.2000122
1321.240066	679.7999878
1321.777839	680.7999878
1322.315557	681.5999756
1322.853219	680.7999878
1323.390826	676.2000122
1323.928376	688.5999756
1324.465871	680.7999878
1325.003309	681.7999878
1325.540692	676.2000122
1326.07802	682.4000244
1326.615291	679.7999878
1327.152506	678.2000122
1327.689666	681.2000122
1328.22677	678.7999878
1328.763818	680.2000122
1329.300811	678.2000122
1329.837747	680.0
1330.374628	677.5999756
1330.911453	681.7999878
1331.448222	677.4000244
1331.984936	680.5999756
1332.521594	681.0
1333.058196	679.5999756
1333.594742	681.2000122
1334.131232	680.5999756
1334.667667	679.5999756
1335.204046	679.4000244
1335.740369	679.7999878
1336.276637	679.5999756
1336.812848	676.7999878
1337.349004	680.4000244
1337.885105	682.2000122
1338.421149	679.0
1338.957138	680.7999878
1339.493071	678.4000244
1340.028949	681.5999756
1340.56477	681.2000122
1341.100536	684.2000122
1341.636246	678.0
1342.171901	683.2000122
1342.7075	682.2000122
1343.243043	678.4000244
1343.77853	678.7999878
1344.313962	682.0
1344.849338	680.4000244
1345.384659	679.7999878
1345.919923	681.7999878
1346.455133	684.4000244
1346.990286	678.7999878
1347.525384	680.0
1348.060426	684.2000122
1348.595412	678.5999756
1349.130343	678.7999878
1349.665218	679.2000122
1350.200037	680.2000122
1350.734801	683.0
1351.269509	680.5999756
1351.804162	683.4000244
1352.338758	679.7999878
1352.8733	680.2000122
1353.407785	679.2000122
1353.942215	683.4000244
1354.476589	679.2000122
1355.010908	680.0
1355.545171	684.0
1356.079379	678.7999878
1356.61353	679.2000122
1357.147627	681.0
1357.681667	680.7999878
1358.215652	680.2000122
1358.749582	681.7999878
1359.283456	685.7999878
1359.817274	682.0
1360.351037	679.5999756
1360.884744	681.7999878
1361.418395	681.2000122
1361.951991	682.5999756
1362.485531	679.4000244
1363.019016	682.7999878
1363.552445	680.2000122
1364.085819	683.0
1364.619137	681.0
1365.1524	684.5999756
1365.685607	681.4000244
1366.218758	679.4000244
1366.751854	680.0
1367.284894	678.4000244
1367.817879	680.2000122
1368.350808	676.2000122
1368.883682	680.2000122
1369.4165	684.2000122
1369.949263	686.2000122
1370.48197	684.5999756
1371.014622	683.4000244
1371.547218	681.2000122
1372.079758	680.2000122
1372.612244	679.7999878
1373.144673	681.7999878
1373.677047	680.0
1374.209366	681.2000122
1374.741629	684.2000122
1375.273836	680.7999878
1375.805989	680.0
1376.338085	683.7999878
1376.870126	681.0
1377.402112	680.4000244
1377.934042	678.7999878
1378.465917	681.0
1378.997736	679.7999878
1379.5295	680.2000122
1380.061208	679.5999756
1380.592861	678.5999756
1381.124459	680.4000244
1381.656	681.0
1382.187487	681.4000244
1382.718918	681.5999756
1383.250294	683.7999878
1383.781614	682.0
1384.312879	679.7999878
1384.844088	682.0
1385.375242	689.0
1385.90634	686.5999756
1386.437383	689.4000244
1386.968371	688.0
1387.499303	709.0
1388.03018	795.0
1388.561001	1179.400024
1389.091767	1027.199951
1389.622478	733.7999878
1390.153133	692.4000244
1390.683733	692.0
1391.214277	685.0
1391.744766	683.4000244
1392.2752	683.7999878
1392.805578	683.0
1393.335901	681.7999878
1393.866168	682.0
1394.396381	684.0
1394.926537	684.7999878
1395.456639	683.5999756
1395.986685	681.0
1396.516675	684.0
1397.046611	680.2000122
1397.576491	684.7999878
1398.106315	681.2000122
1398.636084	681.0
1399.165798	679.4000244
1399.695457	678.5999756
1400.22506	683.5999756
1400.754608	680.2000122
1401.284101	682.0
1401.813538	682.0
1402.34292	681.7999878
1402.872247	680.2000122
1403.401518	681.2000122
1403.930734	678.7999878
1404.459895	679.7999878
1404.989	687.4000244
1405.51805	680.0
1406.047045	679.4000244
1406.575984	682.7999878
1407.104869	678.7999878
1407.633697	682.5999756
1408.162471	683.5999756
1408.691189	683.5999756
1409.219852	693.7999878
1409.74846	717.4000244
1410.277013	717.4000244
1410.80551	693.2000122
1411.333952	686.2000122
1411.862339	682.2000122
1412.39067	679.7999878
1412.918946	681.2000122
1413.447167	682.2000122
1413.975333	682.2000122
1414.503444	681.0
1415.031499	682.2000122
1415.559499	691.7999878
1416.087444	681.0
1416.615333	682.7999878
1417.143167	680.2000122
1417.670947	681.7999878
1418.19867	678.4000244
1418.726339	681.0
1419.253952	682.7999878
1419.781511	684.0
1420.309014	683.4000244
1420.836461	679.2000122
1421.363854	680.0
1421.891191	680.2000122
1422.418474	681.0
1422.945701	681.4000244
1423.472872	679.4000244
1423.999989	680.2000122
1424.52705	679.7999878
1425.054057	685.2000122
1425.581008	683.5999756
1426.107904	681.7999878
1426.634745	683.2000122
1427.16153	676.7999878
1427.688261	680.0
1428.214936	682.4000244
1428.741556	681.2000122
1429.268121	682.0
1429.794631	682.5999756
1430.321085	678.5999756
1430.847485	681.5999756
1431.373829	684.2000122
1431.900118	682.2000122
1432.426353	677.7999878
1432.952532	682.0
1433.478655	681.7999878
1434.004724	681.5999756
1434.530738	679.5999756
1435.056696	680.7999878
1435.5826	681.0
1436.108448	681.7999878
1436.634241	680.7999878
1437.159979	680.4000244
1437.685662	680.7999878
1438.21129	679.2000122
1438.736863	680.7999878
1439.262381	678.2000122
1439.787843	682.4000244
1440.313251	679.4000244
1440.838603	679.5999756
1441.3639	679.0
1441.889143	681.5999756
1442.41433	683.4000244
1442.939462	680.5999756
1443.464539	683.2000122
1443.989561	678.5999756
1444.514528	680.0
1445.03944	684.4000244
1445.564297	680.2000122
1446.089099	680.0
1446.613846	681.5999756
1447.138537	679.5999756
1447.663174	683.2000122
1448.187756	682.0
1448.712282	681.2000122
1449.236754	681.0
1449.761171	679.5999756
1450.285532	679.7999878
1450.809839	681.7999878
1451.33409	679.4000244
1451.858287	680.7999878
1452.382428	678.4000244
1452.906515	679.7999878
1453.430546	680.4000244
1453.954523	679.2000122
1454.478444	682.5999756
1455.002311	678.4000244
1455.526123	679.0
1456.049879	679.4000244
1456.573581	679.0
1457.097227	682.5999756
1457.620819	678.5999756
1458.144356	679.2000122
1458.667837	679.7999878
1459.191264	683.5999756
1459.714636	681.0
1460.237952	681.2000122
1460.761214	677.5999756
1461.284421	682.7999878
1461.807573	682.7999878
1462.33067	681.2000122
1462.853712	683.0
1463.376699	682.5999756
1463.899632	680.7999878
1464.422509	678.5999756
1464.945331	681.5999756
1465.468099	684.5999756
1465.990811	678.0
1466.513469	681.7999878
1467.036071	682.0
1467.558619	679.0
1468.081112	682.4000244
1468.60355	680.0
1469.125933	679.4000244
1469.648261	678.5999756
1470.170534	683.5999756
1470.692752	680.2000122
1471.214916	682.5999756
1471.737024	682.7999878
1472.259078	685.4000244
1472.781077	680.0
1473.303021	682.5999756
1473.82491	683.4000244
1474.346744	681.0
1474.868523	683.2000122
1475.390248	678.2000122
1475.911917	680.2000122
1476.433532	683.4000244
1476.955092	681.7999878
1477.476597	683.4000244
1477.998047	677.4000244
1478.519442	677.2000122
1479.040783	680.5999756
1479.562068	678.4000244
1480.083299	679.0
1480.604475	680.5999756
1481.125596	680.0
1481.646663	683.2000122
1482.167674	677.7999878
1482.688631	678.7999878
1483.209533	681.2000122
1483.73038	679.7999878
1484.251172	679.4000244
1484.771909	680.4000244
1485.292592	681.2000122
1485.81322	681.4000244
1486.333793	678.5999756
1486.854311	681.0
1487.374775	678.4000244
1487.895183	680.2000122
1488.415537	683.4000244
1488.935836	682.5999756
1489.456081	681.5999756
1489.97627	680.2000122
1490.496405	680.4000244
1491.016485	680.7999878
1491.536511	681.0
1492.056481	681.2000122
1492.576397	681.0
1493.096258	679.0
1493.616064	679.4000244
1494.135816	677.7999878
1494.655513	679.2000122
1495.175155	680.0
1495.694742	682.0
1496.214274	681.2000122
1496.733752	680.2000122
1497.253175	680.4000244
1497.772544	678.7999878
1498.291858	684.4000244
1498.811116	685.0
1499.330321	680.0
1499.84947	687.2000122
1500.368565	678.0
1500.887605	680.0
1501.406591	679.5999756
1501.925521	680.4000244
1502.444397	678.7999878
1502.963219	680.4000244
1503.481985	679.7999878
1504.000697	678.2000122
1504.519355	680.0
1505.037957	680.5999756
1505.556505	679.2000122
1506.074999	680.2000122
1506.593437	683.0
1507.111821	680.0
1507.63015	682.0
1508.148425	680.5999756
1508.666645	681.5999756
1509.18481	680.2000122
1509.702921	683.7999878
1510.220977	680.5999756
1510.738979	690.2000122
1511.256925	680.4000244
1511.774817	678.2000122
1512.292655	681.4000244
1512.810438	678.5999756
1513.328166	682.7999878
1513.84584	678.4000244
1514.363459	681.7999878
1514.881023	675.4000244
1515.398533	684.4000244
1515.915988	676.7999878
1516.433389	682.7999878
1516.950734	680.4000244
1517.468026	678.5999756
1517.985263	679.2000122
1518.502445	683.5999756
1519.019572	679.2000122
1519.536645	681.4000244
1520.053664	679.0
1520.570628	679.4000244
1521.087537	683.4000244
1521.604392	680.4000244
1522.121192	682.4000244
1522.637937	681.4000244
1523.154628	680.7999878
1523.671265	680.2000122
1524.187847	680.2000122
1524.704374	677.5999756
1525.220847	679.2000122
1525.737265	681.5999756
1526.253629	681.7999878
1526.769938	681.4000244
1527.286192	683.2000122
1527.802392	679.5999756
1528.318538	677.4000244
1528.834629	682.4000244
1529.350666	680.5999756
1529.866648	685.4000244
1530.382575	680.4000244
1530.898448	681.0
1531.414266	682.4000244
1531.93003	678.0
1532.44574	681.4000244
1532.961395	678.0
1533.476995	683.4000244
1533.992541	682.0
1534.508033	686.0
1535.02347	676.5999756
1535.538852	679.2000122
1536.05418	678.5999756
1536.569454	678.4000244
1537.084673	679.4000244
1537.599837	679.7999878
1538.114947	678.5999756
1538.630003	682.2000122
1539.145004	680.4000244
1539.659951	682.4000244
1540.174843	677.7999878
1540.689681	681.4000244
1541.204465	680.4000244
1541.719194	681.2000122
1542.233868	679.7999878
1542.748488	680.0
1543.263054	678.4000244
1543.777565	684.2000122
1544.292022	681.4000244
1544.806424	682.4000244
1545.320772	680.4000244
1545.835066	680.0
1546.349305	680.4000244
1546.863489	677.5999756
1547.37762	684.7999878
1547.891696	680.4000244
1548.405717	681.0
1548.919684	686.2000122
1549.433597	682.0
1549.947455	681.2000122
1550.461259	680.4000244
1550.975009	682.4000244
1551.488704	679.7999878
1552.002345	679.5999756
1552.515931	679.0
1553.029463	681.2000122
1553.542941	680.2000122
1554.056364	680.5999756
1554.569733	682.0
1555.083048	676.0
1555.596308	681.0
1556.109514	686.2000122
1556.622665	679.7999878
1557.135762	682.7999878
1557.648805	678.4000244
1558.161794	680.2000122
1558.674728	678.4000244
1559.187608	683.7999878
1559.700433	684.2000122
1560.213205	682.2000122
1560.725921	680.5999756
1561.238584	682.0
1561.751192	681.5999756
1562.263746	679.7999878
1562.776246	681.4000244
1563.288691	685.0
1563.801082	681.2000122
1564.313419	676.7999878
1564.825701	684.0
1565.337929	677.5999756
1565.850103	682.0
1566.362223	682.0
1566.874288	682.2000122
1567.386299	683.4000244
1567.898256	683.4000244
1568.410158	679.4000244
1568.922007	680.0
1569.4338	681.7999878
1569.94554	680.2000122
1570.457226	680.0
1570.968857	682.7999878
1571.480434	681.0
1571.991956	680.0
1572.503425	682.7999878
1573.014839	682.7999878
1573.526199	682.7999878
1574.037505	679.7999878
1574.548756	680.4000244
1575.059953	681.2000122
1575.571096	679.2000122
1576.082185	681.4000244
1576.59322	681.2000122
1577.1042	681.7999878
1577.615126	684.0
1578.125998	683.2000122
1578.636816	678.7999878
1579.14758	681.4000244
1579.658289	683.2000122
1580.168944	679.5999756
1580.679545	680.4000244
1581.190092	681.7999878
1581.700585	678.5999756
1582.211023	681.5999756
1582.721407	679.7999878
1583.231737	680.7999878
1583.742013	681.0
1584.252235	680.7999878
1584.762403	682.2000122
1585.272516	682.2000122
1585.782575	681.4000244
1586.292581	680.4000244
1586.802532	676.7999878
1587.312428	680.2000122
1587.822271	681.7999878
1588.33206	681.7999878
1588.841794	681.0
1589.351474	679.5999756
1589.8611	682.2000122
1590.370672	680.4000244
1590.88019	680.7999878
1591.389654	680.0
1591.899064	681.2000122
1592.408419	678.7999878
