1042.452273	686.5999756
1043.018714	684.0
1043.585098	688.4000244
1044.151424	682.4000244
1044.717692	683.0
1045.283903	683.7999878
1045.850056	683.2000122
1046.416151	682.5999756
1046.982188	683.5999756
1047.548167	680.7999878
1048.114089	683.2000122
1048.679953	682.2000122
1049.24576	683.2000122
1049.811509	681.5999756
1050.3772	682.4000244
1050.942833	680.5999756
1051.508408	678.7999878
1052.073926	677.0
1052.639387	677.5999756
1053.204789	680.4000244
1053.770134	678.5999756
1054.335421	679.5999756
1054.900651	681.5999756
1055.465823	677.0
1056.030937	676.2000122
1056.595993	676.7999878
1057.160992	677.5999756
1057.725934	677.0
1058.290817	674.0
1058.855643	673.4000244
1059.420411	675.5999756
1059.985122	681.0
1060.549775	674.0
1061.114371	675.2000122
1061.678908	676.7999878
1062.243389	675.0
1062.807811	677.7999878
1063.372176	676.4000244
1063.936483	674.4000244
1064.500733	673.2000122
1065.064925	673.7999878
1065.62906	673.7999878
1066.193137	676.5999756
1066.757156	676.5999756
1067.321118	675.0
1067.885022	676.2000122
1068.448869	675.5999756
1069.012658	678.4000244
1069.57639	677.7999878
1070.140063	681.5999756
1070.70368	677.2000122
1071.267239	676.7999878
1071.83074	680.0
1072.394184	673.0
1072.95757	678.0
1073.520899	675.4000244
1074.08417	674.0
1074.647383	674.7999878
1075.21054	675.4000244
1075.773638	674.7999878
1076.336679	671.0
1076.899663	674.0
1077.462589	675.0
1078.025457	673.2000122
1078.588268	674.5999756
1079.151022	674.7999878
1079.713718	673.4000244
1080.276356	672.5999756
1080.838937	671.7999878
1081.401461	676.0
1081.963927	676.4000244
1082.526336	676.5999756
1083.088687	673.5999756
1083.650981	674.2000122
1084.213217	676.4000244
1084.775396	677.2000122
1085.337517	676.4000244
1085.899581	675.5999756
1086.461587	676.5999756
1087.023536	674.5999756
1087.585428	671.5999756
1088.147262	675.7999878
1088.709039	673.0
1089.270758	670.0
1089.83242	674.0
1090.394024	674.2000122
1090.955571	675.4000244
1091.517061	672.7999878
1092.078493	676.7999878
1092.639868	676.7999878
1093.201185	674.4000244
1093.762445	673.7999878
1094.323648	676.7999878
1094.884793	671.4000244
1095.445881	673.2000122
1096.006911	672.2000122
1096.567884	673.0
1097.1288	678.0
1097.689659	672.4000244
1098.25046	673.7999878
1098.811203	674.7999878
1099.37189	673.2000122
1099.932518	676.0
1100.49309	674.4000244
1101.053604	674.7999878
1101.614061	671.7999878
1102.174461	673.0
1102.734803	673.4000244
1103.295088	672.7999878
1103.855316	673.2000122
1104.415486	671.4000244
1104.975599	675.2000122
1105.535655	673.5999756
1106.095653	674.2000122
1106.655594	672.2000122
1107.215478	674.2000122
1107.775305	677.2000122
1108.335074	669.0
1108.894786	673.2000122
1109.45444	675.2000122
1110.014038	673.5999756
1110.573578	673.4000244
1111.133061	672.2000122
1111.692486	674.0
1112.251854	674.2000122
1112.811165	673.0
1113.370419	673.5999756
1113.929616	673.7999878
1114.488755	671.0
1115.047837	674.2000122
1115.606862	671.0
1116.16583	673.7999878
1116.72474	671.2000122
1117.283593	672.2000122
1117.842389	672.7999878
1118.401128	673.7999878
1118.959809	675.5999756
1119.518433	673.4000244
1120.077	675.5999756
1120.63551	676.5999756
1121.193963	671.4000244
1121.752358	675.4000244
1122.310697	671.5999756
1122.868978	670.4000244
1123.427202	674.2000122
1123.985368	673.2000122
1124.543478	673.5999756
1125.10153	672.5999756
1125.659526	674.7999878
1126.217464	673.4000244
1126.775345	674.0
1127.333168	675.2000122
1127.890935	674.7999878
1128.448644	674.2000122
1129.006297	674.5999756
1129.563892	673.0
1130.12143	675.4000244
1130.678911	673.5999756
1131.236335	674.4000244
1131.793701	673.0
1132.351011	672.4000244
1132.908263	674.5999756
1133.465458	675.5999756
1134.022597	672.2000122
1134.579678	674.2000122
1135.136702	677.2000122
1135.693669	675.4000244
1136.250578	672.4000244
1136.807431	673.7999878
1137.364227	673.2000122
1137.920965	671.7999878
1138.477647	674.7999878
1139.034271	678.2000122
1139.590839	675.2000122
1140.147349	675.0
1140.703802	674.4000244
1141.260198	676.7999878
1141.816537	678.4000244
1142.37282	682.7999878
1142.929045	690.7999878
1143.485213	681.2000122
1144.041323	677.5999756
1144.597377	677.4000244
1145.153374	677.4000244
1145.709314	677.4000244
1146.265197	686.0
1146.821023	697.5999756
1147.376792	693.2000122
1147.932503	685.5999756
1148.488158	683.0
1149.043756	703.5999756
1149.599297	778.2000122
1150.154781	905.4000244
1150.710207	800.0
1151.265577	706.2000122
1151.82089	688.7999878
1152.376146	680.0
1152.931345	678.0
1153.486487	676.0
1154.041572	676.7999878
1154.5966	679.5999756
1155.151571	674.7999878
1155.706485	674.0
1156.261342	676.2000122
1156.816142	676.2000122
1157.370885	674.5999756
1157.925572	673.4000244
1158.480201	673.4000244
1159.034774	673.5999756
1159.589289	677.0
1160.143748	674.7999878
1160.698149	673.4000244
1161.252494	675.7999878
1161.806782	671.7999878
1162.361013	672.4000244
1162.915187	670.5999756
1163.469304	674.0
1164.023364	674.7999878
1164.577368	673.0
1165.131314	671.5999756
1165.685204	674.0
1166.239036	672.4000244
1166.792812	672.7999878
1167.346531	673.7999878
1167.900193	673.4000244
1168.453798	676.7999878
1169.007347	669.4000244
1169.560838	669.2000122
1170.114273	671.5999756
1170.66765	674.2000122
1171.220971	671.0
1171.774235	672.7999878
1172.327443	672.5999756
1172.880593	673.4000244
1173.433687	675.4000244
1173.986723	671.5999756
1174.539703	673.2000122
1175.092626	676.5999756
1175.645493	671.0
1176.198302	671.7999878
1176.751055	672.2000122
1177.303751	673.5999756
1177.85639	674.7999878
1178.408972	672.4000244
1178.961498	673.5999756
1179.513966	673.5999756
1180.066378	673.2000122
1180.618733	674.0
1181.171032	672.2000122
1181.723273	671.2000122
1182.275458	669.4000244
1182.827586	670.5999756
1183.379657	670.7999878
1183.931672	672.0
1184.48363	673.7999878
1185.035531	674.5999756
1185.587375	670.0
1186.139162	676.0
1186.690893	670.0
1187.242567	672.5999756
1187.794184	671.7999878
1188.345745	673.4000244
1188.897249	670.7999878
1189.448696	670.5999756
1190.000086	671.2000122
1190.55142	672.7999878
1191.102697	671.7999878
1191.653918	670.5999756
1192.205081	672.4000244
1192.756188	672.2000122
1193.307238	685.7999878
1193.858232	671.7999878
1194.409169	671.4000244
1194.960049	673.0
1195.510872	669.0
1196.061639	671.4000244
1196.612349	674.7999878
1197.163003	675.5999756
1197.713599	671.2000122
1198.264139	675.2000122
1198.814623	672.0
1199.36505	671.5999756
1199.91542	671.5999756
1200.465734	672.2000122
1201.01599	673.4000244
1201.566191	671.7999878
1202.116334	672.7999878
1202.666421	673.4000244
1203.216452	674.2000122
1203.766425	670.7999878
1204.316343	672.7999878
1204.866203	671.5999756
1205.416007	670.4000244
1205.965754	673.2000122
1206.515445	671.5999756
1207.065079	672.0
1207.614657	671.0
1208.164177	672.7999878
1208.713642	670.7999878
1209.26305	671.0
1209.812401	671.7999878
1210.361695	675.5999756
1210.910933	672.7999878
1211.460115	671.4000244
1212.00924	672.7999878
1212.558308	673.2000122
1213.10732	672.2000122
1213.656275	669.5999756
1214.205174	670.7999878
1214.754016	674.2000122
1215.302801	670.4000244
1215.85153	669.4000244
1216.400203	671.2000122
1216.948819	672.7999878
1217.497378	676.2000122
1218.045881	668.4000244
1218.594327	673.4000244
1219.142717	676.2000122
1219.691051	672.5999756
1220.239327	672.7999878
1220.787548	673.0
1221.335712	670.5999756
1221.883819	673.2000122
1222.43187	673.7999878
1222.979864	673.4000244
1223.527802	674.7999878
1224.075683	672.0
1224.623508	673.7999878
1225.171277	671.5999756
1225.718989	672.5999756
1226.266644	673.2000122
1226.814243	672.4000244
1227.361786	670.0
1227.909272	673.5999756
1228.456702	670.7999878
1229.004075	674.5999756
1229.551392	676.0
1230.098652	674.5999756
1230.645856	671.2000122
1231.193003	671.4000244
1231.740094	673.2000122
1232.287129	673.7999878
1232.834107	672.4000244
1233.381029	677.2000122
1233.927894	670.7999878
1234.474703	674.0
1235.021455	674.2000122
1235.568151	673.4000244
1236.114791	676.7999878
1236.661374	673.7999878
1237.207901	675.2000122
1237.754372	677.7999878
1238.300786	677.7999878
1238.847144	675.2000122
1239.393445	675.5999756
1239.93969	674.7999878
1240.485879	675.4000244
1241.032011	677.7999878
1241.578087	674.4000244
1242.124106	677.0
1242.67007	675.2000122
1243.215976	675.2000122
1243.761827	673.5999756
1244.307621	676.5999756
1244.853359	677.0
1245.39904	677.2000122
1245.944665	673.5999756
1246.490234	677.4000244
1247.035746	674.0
1247.581203	675.2000122
1248.126602	684.4000244
1248.671946	676.7999878
1249.217233	681.5999756
1249.762464	677.0
1250.307638	677.0
1250.852757	675.7999878
1251.397819	679.2000122
1251.942824	676.5999756
1252.487774	676.5999756
1253.032667	676.4000244
1253.577503	674.0
1254.122284	673.5999756
1254.667008	677.0
1255.211676	677.4000244
1255.756288	677.7999878
1256.300843	678.4000244
1256.845342	678.0
1257.389785	678.0
1257.934172	681.5999756
1258.478502	685.4000244
1259.022776	682.7999878
1259.566994	680.4000244
1260.111156	689.7999878
1260.655261	684.0
1261.199311	686.0
1261.743304	684.4000244
1262.28724	692.0
1262.831121	698.7999878
1263.374945	711.5999756
1263.918713	731.0
1264.462425	746.0
1265.006081	726.4000244
1265.54968	708.4000244
1266.093223	692.5999756
1266.636711	687.0
1267.180141	685.2000122
1267.723516	682.0
1268.266835	680.2000122
1268.810097	680.4000244
1269.353303	682.0
1269.896453	682.5999756
1270.439547	679.7999878
1270.982584	682.7999878
1271.525566	680.7999878
1272.068491	679.2000122
1272.61136	676.5999756
1273.154173	680.7999878
1273.69693	682.2000122
1274.239631	677.2000122
1274.782275	679.7999878
1275.324864	679.7999878
1275.867396	687.7999878
1276.409872	678.0
1276.952292	684.4000244
1277.494656	683.5999756
1278.036964	680.7999878
1278.579215	686.4000244
1279.121411	688.0
1279.66355	690.5999756
1280.205634	694.5999756
1280.747661	695.5999756
1281.289632	704.7999878
1281.831547	722.4000244
1282.373406	757.4000244
1282.915209	822.4000244
1283.456955	978.7999878
1283.998646	1308.0
1284.540281	1691.400024
1285.081859	1492.400024
1285.623381	997.5999756
1286.164848	800.0
1286.706258	739.2000122
1287.247612	714.2000122
1287.788911	701.0
1288.330153	696.2000122
1288.871339	688.7999878
1289.412469	688.2000122
1289.953543	689.2000122
1290.494561	685.2000122
1291.035523	682.7999878
1291.576428	681.7999878
1292.117278	682.2000122
1292.658072	681.4000244
1293.19881	681.7999878
1293.739492	683.2000122
1294.280118	681.0
1294.820687	680.5999756
1295.361201	680.2000122
1295.901659	679.7999878
1296.442061	682.4000244
1296.982406	681.5999756
1297.522696	678.0
1298.06293	680.5999756
1298.603108	678.7999878
1299.143229	678.2000122
1299.683295	681.0
1300.223305	681.2000122
1300.763259	674.4000244
1301.303157	675.7999878
1301.842999	679.0
1302.382785	678.0
1302.922515	678.7999878
1303.462189	679.4000244
1304.001807	676.0
1304.541369	678.5999756
1305.080875	679.5999756
1305.620326	674.7999878
1306.15972	680.2000122
1306.699058	677.5999756
1307.238341	678.4000244
1307.777567	677.2000122
1308.316738	674.5999756
1308.855853	677.7999878
1309.394912	678.4000244
1309.933915	679.0
1310.472862	674.7999878
1311.011753	676.0
1311.550588	678.5999756
1312.089367	676.4000244
1312.62809	672.7999878
1313.166758	675.7999878
1313.70537	677.2000122
1314.243925	673.5999756
1314.782425	677.7999878
1315.320869	673.5999756
1315.859257	674.7999878
1316.397589	677.0
1316.935866	676.4000244
1317.474086	673.2000122
1318.012251	679.2000122
1318.55036	676.5999756
1319.088413	675.2000122
1319.62641	676.7999878
1320.164351	672.2000122
1320.702236	677.5999756
1321.240066	672.2000122
1321.777839	677.2000122
1322.315557	675.5999756
1322.853219	674.2000122
1323.390826	673.5999756
1323.928376	680.0
1324.465871	681.0
1325.003309	677.0
1325.540692	676.4000244
1326.07802	676.5999756
1326.615291	677.2000122
1327.152506	673.2000122
1327.689666	675.7999878
1328.22677	673.4000244
1328.763818	675.2000122
1329.300811	673.2000122
1329.837747	675.4000244
1330.374628	675.0
1330.911453	676.0
1331.448222	676.2000122
1331.984936	675.2000122
1332.521594	677.7999878
1333.058196	674.0
1333.594742	677.2000122
1334.131232	675.4000244
1334.667667	676.5999756
1335.204046	676.4000244
1335.740369	679.0
1336.276637	678.7999878
1336.812848	675.5999756
1337.349004	673.2000122
1337.885105	676.5999756
1338.421149	676.2000122
1338.957138	674.7999878
1339.493071	675.4000244
1340.028949	675.0
1340.56477	678.2000122
1341.100536	676.2000122
1341.636246	676.7999878
1342.171901	677.0
1342.7075	674.0
1343.243043	676.0
1343.77853	680.2000122
1344.313962	676.5999756
1344.849338	676.2000122
1345.384659	677.0
1345.919923	674.0
1346.455133	675.0
1346.990286	678.2000122
1347.525384	676.5999756
1348.060426	675.7999878
1348.595412	678.5999756
1349.130343	676.7999878
1349.665218	675.0
1350.200037	677.4000244
1350.734801	678.0
1351.269509	676.4000244
1351.804162	677.0
1352.338758	676.2000122
1352.8733	678.2000122
1353.407785	679.4000244
1353.942215	677.4000244
1354.476589	679.4000244
1355.010908	677.2000122
1355.545171	676.0
1356.079379	673.7999878
1356.61353	677.5999756
1357.147627	676.7999878
1357.681667	676.2000122
1358.215652	677.7999878
1358.749582	677.2000122
1359.283456	677.0
1359.817274	679.2000122
1360.351037	678.0
1360.884744	678.2000122
1361.418395	677.4000244
1361.951991	674.5999756
1362.485531	678.7999878
1363.019016	675.5999756
1363.552445	679.5999756
1364.085819	679.5999756
1364.619137	679.4000244
1365.1524	679.5999756
1365.685607	680.7999878
1366.218758	682.4000244
1366.751854	682.5999756
1367.284894	681.0
1367.817879	682.2000122
1368.350808	681.7999878
1368.883682	685.2000122
1369.4165	693.2000122
1370.48197	695.4000244
1371.014622	684.7999878
1371.547218	677.5999756
1372.079758	681.2000122
1372.612244	677.7999878
1373.144673	682.2000122
1373.677047	678.7999878
1374.209366	679.2000122
1374.741629	676.7999878
1375.273836	678.2000122
1375.805989	684.2000122
1376.338085	681.4000244
1376.870126	682.2000122
1377.402112	683.2000122
1377.934042	680.5999756
1378.465917	680.7999878
1378.997736	687.4000244
1379.5295	682.2000122
1380.061208	686.5999756
1380.592861	686.5999756
1381.124459	688.5999756
1381.656	687.7999878
1382.187487	690.7999878
1382.718918	692.2000122
1383.250294	693.7999878
1383.781614	699.0
1384.312879	705.4000244
1384.844088	716.5999756
1385.375242	732.5999756
1385.90634	766.4000244
1386.437383	837.7999878
1386.968371	1016.400024
1387.499303	1611.0
1388.03018	2650.0
1388.561001	2182.0
1389.091767	1135.800049
1389.622478	825.7999878
1390.153133	757.5999756
1390.683733	725.0
1391.214277	710.7999878
1391.744766	701.0
1392.2752	695.5999756
1392.805578	691.4000244
1393.335901	687.2000122
1393.866168	691.0
1394.396381	685.5999756
1394.926537	686.7999878
1395.456639	684.0
1395.986685	683.2000122
1396.516675	681.0
1397.046611	684.0
1397.576491	679.5999756
1398.106315	682.2000122
1398.636084	684.4000244
1399.165798	682.7999878
1399.695457	681.5999756
1400.22506	678.4000244
1400.754608	681.4000244
1401.284101	681.2000122
1401.813538	681.4000244
1402.34292	679.7999878
1402.872247	681.4000244
1403.401518	684.2000122
1403.930734	683.0
1404.459895	683.4000244
1404.989	681.0
1405.51805	683.0
1406.047045	685.2000122
1406.575984	688.5999756
1407.104869	693.7999878
1407.633697	698.7999878
1408.162471	712.5999756
1408.691189	743.0
1409.219852	789.0
1409.74846	802.4000244
1410.277013	755.5999756
1410.80551	715.0
1411.333952	698.4000244
1411.862339	690.4000244
1412.39067	683.7999878
1412.918946	679.2000122
1413.447167	681.4000244
1413.975333	674.4000244
1414.503444	681.0
1415.031499	677.2000122
1415.559499	687.5999756
1416.087444	677.5999756
1416.615333	675.7999878
1417.143167	674.5999756
1417.670947	677.4000244
1418.19867	676.0
1418.726339	677.4000244
1419.253952	678.4000244
1419.781511	673.2000122
1420.309014	676.0
1420.836461	671.7999878
1421.363854	675.7999878
1421.891191	674.7999878
1422.418474	676.7999878
1422.945701	674.4000244
1423.472872	674.4000244
1423.999989	679.7999878
1424.52705	677.5999756
1425.054057	674.4000244
1425.581008	676.0
1426.107904	678.0
1426.634745	676.7999878
1427.16153	674.7999878
1427.688261	673.2000122
1428.214936	674.5999756
1428.741556	671.7999878
1429.268121	674.4000244
1429.794631	676.0
1430.321085	674.4000244
1430.847485	673.5999756
1431.373829	673.0
1431.900118	672.0
1432.426353	672.7999878
1432.952532	671.4000244
1433.478655	671.2000122
1434.004724	671.5999756
1434.530738	673.5999756
1435.056696	673.2000122
1435.5826	670.5999756
1436.108448	670.0
1436.634241	675.2000122
1437.159979	670.0
1437.685662	671.0
1438.21129	668.4000244
1438.736863	671.7999878
1439.262381	668.2000122
1439.787843	672.0
1440.313251	672.4000244
1440.838603	671.4000244
1441.3639	670.5999756
1441.889143	674.0
1442.41433	672.2000122
1442.939462	670.0
1443.464539	671.2000122
1443.989561	668.5999756
1444.514528	669.7999878
1445.03944	668.0
1445.564297	670.4000244
1446.089099	667.2000122
1446.613846	670.5999756
1447.138537	670.4000244
1447.663174	670.2000122
1448.187756	669.7999878
1448.712282	671.0
1449.236754	669.7999878
1449.761171	667.7999878
1450.285532	668.5999756
1450.809839	671.5999756
1451.33409	669.5999756
1451.858287	665.4000244
1452.382428	671.4000244
1452.906515	669.7999878
1453.430546	670.2000122
1453.954523	665.5999756
1454.478444	668.5999756
1455.002311	668.0
1455.526123	667.4000244
1456.049879	668.7999878
1456.573581	670.0
1457.097227	669.4000244
1457.620819	673.2000122
1458.144356	672.0
1458.667837	666.5999756
1459.191264	668.5999756
1459.714636	668.4000244
1460.237952	669.4000244
1460.761214	670.0
1461.284421	670.4000244
1461.807573	667.0
1462.33067	668.4000244
1462.853712	670.5999756
1463.376699	671.5999756
1463.899632	667.2000122
1464.422509	666.5999756
1464.945331	668.0
1465.468099	669.4000244
1465.990811	667.4000244
1466.513469	667.2000122
1467.036071	669.5999756
1467.558619	668.7999878
1468.081112	668.2000122
1468.60355	665.4000244
1469.125933	670.5999756
1469.648261	671.0
1470.170534	669.0
1470.692752	668.7999878
1471.214916	667.5999756
1471.737024	668.7999878
1472.259078	668.4000244
1472.781077	670.7999878
1473.303021	669.5999756
1473.82491	665.7999878
1474.346744	666.2000122
1474.868523	668.0
1475.390248	669.0
1475.911917	668.2000122
1476.433532	670.0
1476.955092	669.2000122
1477.476597	669.2000122
1477.998047	668.0
1478.519442	666.5999756
1479.040783	667.4000244
1479.562068	669.0
1480.083299	667.5999756
1480.604475	668.4000244
1481.125596	669.0
1481.646663	666.2000122
1482.167674	666.2000122
1482.688631	666.2000122
1483.209533	671.4000244
1483.73038	665.7999878
1484.251172	666.7999878
1484.771909	663.4000244
1485.292592	665.5999756
1485.81322	669.7999878
1486.333793	663.0
1486.854311	665.0
1487.374775	668.4000244
1487.895183	669.0
1488.415537	667.2000122
1488.935836	667.0
1489.456081	667.7999878
1489.97627	666.5999756
1490.496405	667.2000122
1491.016485	665.2000122
1491.536511	671.0
1492.056481	667.0
1492.576397	668.5999756
1493.096258	668.4000244
1493.616064	666.5999756
1494.135816	666.4000244
1494.655513	667.7999878
1495.175155	666.2000122
1495.694742	668.2000122
1496.214274	668.2000122
1496.733752	667.0
1497.253175	664.0
1497.772544	667.7999878
1498.291858	669.2000122
1498.811116	667.7999878
1499.330321	667.0
1499.84947	674.0
1500.368565	666.2000122
1500.887605	666.7999878
1501.406591	669.5999756
1501.925521	667.7999878
1502.444397	664.2000122
1502.963219	667.7999878
1503.481985	665.7999878
1504.000697	666.7999878
1504.519355	667.7999878
1505.037957	668.4000244
1505.556505	670.0
1506.074999	667.0
1506.593437	666.0
1507.111821	667.7999878
1507.63015	664.2000122
1508.148425	667.0
1508.666645	665.2000122
1509.18481	665.7999878
1509.702921	665.5999756
1510.220977	668.2000122
1510.738979	675.2000122
1511.256925	664.4000244
1511.774817	665.2000122
1512.292655	669.0
1512.810438	665.2000122
1513.328166	666.7999878
1513.84584	665.4000244
1514.363459	666.0
1514.881023	665.5999756
1515.398533	668.4000244
1515.915988	666.7999878
1516.433389	664.7999878
1516.950734	666.5999756
1517.468026	668.4000244
1517.985263	667.5999756
1518.502445	667.7999878
1519.019572	667.5999756
1519.536645	667.0
1520.053664	665.5999756
1520.570628	666.4000244
1521.087537	670.0
1521.604392	666.7999878
1522.121192	666.0
1522.637937	671.0
1523.154628	668.2000122
1523.671265	668.4000244
1524.187847	666.7999878
1524.704374	665.0
1525.220847	666.7999878
1525.737265	666.4000244
1526.253629	668.5999756
1526.769938	666.0
1527.286192	666.2000122
1527.802392	666.5999756
1528.318538	667.5999756
1528.834629	668.0
1529.350666	667.4000244
1529.866648	667.0
1530.382575	665.0
1530.898448	663.5999756
1531.414266	666.4000244
1531.93003	666.5999756
1532.44574	668.0
1532.961395	663.4000244
1533.476995	664.7999878
1533.992541	666.5999756
1534.508033	668.2000122
1535.02347	664.5999756
1535.538852	665.7999878
1536.05418	663.5999756
1536.569454	665.5999756
1537.084673	665.2000122
1537.599837	663.4000244
1538.114947	666.7999878
1538.630003	666.2000122
1539.145004	666.2000122
1539.659951	667.7999878
1540.174843	664.7999878
1540.689681	666.0
1541.204465	667.2000122
1541.719194	666.2000122
1542.233868	666.0
1542.748488	668.0
1543.263054	661.7999878
1543.777565	665.0
1544.292022	663.0
1544.806424	666.5999756
1545.320772	667.0
1545.835066	667.0
1546.349305	668.2000122
1546.863489	667.2000122
1547.37762	666.5999756
1547.891696	667.0
1548.405717	665.0
1548.919684	667.5999756
1549.433597	666.7999878
1549.947455	666.7999878
1550.461259	666.4000244
1550.975009	665.5999756
1551.488704	666.7999878
1552.002345	667.4000244
1552.515931	667.2000122
1553.029463	667.2000122
1553.542941	665.0
1554.056364	667.4000244
1554.569733	665.2000122
1555.083048	664.4000244
1555.596308	667.5999756
1556.109514	667.7999878
1556.622665	670.2000122
1557.135762	666.5999756
1557.648805	667.7999878
1558.161794	666.0
1558.674728	664.7999878
1559.187608	667.4000244
1559.700433	665.2000122
1560.213205	668.5999756
1560.725921	665.5999756
1561.238584	668.5999756
1561.751192	666.7999878
1562.263746	665.5999756
1562.776246	669.0
1563.288691	666.5999756
1563.801082	665.0
1564.313419	664.5999756
1564.825701	667.5999756
1565.337929	667.4000244
1565.850103	668.7999878
1566.362223	666.7999878
1566.874288	667.0
1567.386299	667.5999756
1567.898256	667.2000122
1568.410158	666.5999756
1568.922007	667.7999878
1569.4338	665.5999756
1569.94554	666.7999878
1570.457226	666.4000244
1570.968857	665.7999878
1571.480434	665.5999756
1571.991956	667.0
1572.503425	663.4000244
1573.014839	665.7999878
1573.526199	664.4000244
1574.037505	665.0
1574.548756	666.4000244
1575.059953	666.2000122
1575.571096	666.7999878
1576.082185	665.5999756
1576.59322	666.4000244
1577.1042	666.0
1577.615126	667.2000122
1578.125998	666.4000244
1578.636816	666.2000122
1579.14758	665.5999756
1579.658289	663.0
1580.168944	667.7999878
1580.679545	666.2000122
1581.190092	663.7999878
1581.700585	663.4000244
1582.211023	667.2000122
1582.721407	667.7999878
1583.231737	666.5999756
1583.742013	666.4000244
1584.252235	665.4000244
1584.762403	664.0
1585.272516	667.2000122
1585.782575	666.2000122
1586.292581	668.2000122
1586.802532	663.7999878
1587.312428	666.2000122
1587.822271	667.2000122
1588.33206	666.4000244
1588.841794	668.2000122
1589.351474	664.7999878
1589.8611	663.4000244
1590.370672	665.5999756
1590.88019	665.0
1591.389654	665.7999878
1591.899064	666.5999756
1592.408419	665.4000244
