1042.452273	1087.800049
1043.018714	1091.400024
1043.585098	1097.199951
1044.151424	1094.199951
1044.717692	1084.400024
1045.283903	1093.199951
1045.850056	1092.0
1046.416151	1082.800049
1046.982188	1086.0
1047.548167	1092.599976
1048.114089	1096.0
1048.679953	1092.199951
1049.24576	1084.599976
1049.811509	1076.0
1050.3772	1093.0
1050.942833	1086.199951
1051.508408	1080.0
1052.073926	1082.800049
1052.639387	1087.199951
1053.204789	1082.199951
1053.770134	1084.400024
1054.335421	1082.0
1054.900651	1083.400024
1055.465823	1089.400024
1056.030937	1084.800049
1056.595993	1080.0
1057.160992	1078.800049
1057.725934	1080.199951
1058.290817	1070.800049
1058.855643	1074.0
1059.420411	1082.0
1059.985122	1076.400024
1060.549775	1071.800049
1061.114371	1075.800049
1061.678908	1070.400024
1062.243389	1080.599976
1062.807811	1073.800049
1063.372176	1072.0
1063.936483	1078.599976
1064.500733	1069.400024
1065.064925	1079.400024
1065.62906	1071.599976
1066.193137	1072.0
1066.757156	1069.599976
1067.321118	1076.599976
1067.885022	1075.0
1068.448869	1068.199951
1069.012658	1077.400024
1069.57639	1077.400024
1070.140063	1083.199951
1070.70368	1065.599976
1071.267239	1064.400024
1071.83074	1080.199951
1072.394184	1071.599976
1072.95757	1075.199951
1073.520899	1069.800049
1074.08417	1064.800049
1074.647383	1070.599976
1075.21054	1059.599976
1075.773638	1057.199951
1076.336679	1068.599976
1076.899663	1059.199951
1077.462589	1069.800049
1078.025457	1066.599976
1078.588268	1063.599976
1079.151022	1067.800049
1079.713718	1065.800049
1080.276356	1052.800049
1080.838937	1065.400024
1081.401461	1064.0
1081.963927	1078.0
1082.526336	1060.0
1083.088687	1053.400024
1083.650981	1064.199951
1084.213217	1069.199951
1084.775396	1054.800049
1085.337517	1052.800049
1085.899581	1062.599976
1086.461587	1059.800049
1087.023536	1060.599976
1087.585428	1057.599976
1088.147262	1050.599976
1088.709039	1064.400024
1089.270758	1047.0
1089.83242	1077.0
1090.394024	1048.599976
1090.955571	1069.800049
1091.517061	1060.400024
1092.078493	1057.199951
1092.639868	1049.400024
1093.201185	1070.400024
1093.762445	1065.599976
1094.323648	1054.400024
1094.884793	1048.199951
1095.445881	1048.599976
1096.006911	1047.599976
1096.567884	1048.800049
1097.1288	1051.800049
1097.689659	1056.400024
1098.25046	1051.599976
1098.811203	1051.0
1099.37189	1060.199951
1099.932518	1056.599976
1100.49309	1033.400024
1101.053604	1046.0
1101.614061	1052.800049
1102.174461	1050.400024
1102.734803	1046.199951
1103.295088	1051.800049
1103.855316	1049.0
1104.415486	1044.400024
1104.975599	1050.199951
1105.535655	1051.400024
1106.095653	1048.400024
1106.655594	1043.599976
1107.215478	1054.400024
1107.775305	1034.599976
1108.335074	1056.800049
1108.894786	1057.0
1109.45444	1039.199951
1110.014038	1036.599976
1110.573578	1036.800049
1111.133061	1036.800049
1111.692486	1044.800049
1112.251854	1047.199951
1112.811165	1036.800049
1113.370419	1038.800049
1113.929616	1038.400024
1114.488755	1039.800049
1115.047837	1043.199951
1115.606862	1037.199951
1116.16583	1033.199951
1116.72474	1036.800049
1117.283593	1038.199951
1117.842389	1035.599976
1118.401128	1038.400024
1118.959809	1042.199951
1119.518433	1042.599976
1120.077	1040.199951
1120.63551	1030.599976
1121.193963	1042.0
1121.752358	1044.400024
1122.310697	1037.0
1122.868978	1036.199951
1123.427202	1042.0
1123.985368	1031.800049
1124.543478	1038.0
1125.10153	1038.400024
1125.659526	1038.400024
1126.217464	1030.800049
1126.775345	1034.599976
1127.333168	1036.400024
1127.890935	1024.400024
1128.448644	1040.599976
1129.006297	1033.400024
1129.563892	1029.599976
1130.12143	1037.599976
1130.678911	1028.0
1131.236335	1044.199951
1131.793701	1024.0
1132.351011	1030.0
1132.908263	1031.800049
1133.465458	1032.599976
1134.022597	1042.400024
1134.579678	1048.199951
1135.136702	1030.800049
1135.693669	1036.400024
1136.250578	1029.199951
1136.807431	1038.199951
1137.364227	1024.199951
1137.920965	1042.0
1138.477647	1035.0
1139.034271	1023.0
1139.590839	1037.400024
1140.147349	1038.0
1140.703802	1029.0
1141.260198	1030.0
1141.816537	1039.800049
1142.37282	1028.599976
1142.929045	1038.199951
1143.485213	1040.199951
1144.041323	1038.0
1144.597377	1032.599976
1145.153374	1039.199951
1145.709314	1030.400024
1146.265197	1045.0
1146.821023	1057.0
1147.376792	1055.599976
1147.932503	1047.0
1148.488158	1039.800049
1149.043756	1050.400024
1149.599297	1093.199951
1150.154781	1200.800049
1150.710207	1161.0
1151.265577	1069.800049
1151.82089	1034.599976
1152.376146	1036.0
1152.931345	1048.400024
1153.486487	1021.599976
1154.041572	1032.199951
1154.5966	1032.800049
1155.151571	1029.199951
1155.706485	1028.199951
1156.261342	1032.199951
1156.816142	1027.599976
1157.370885	1025.400024
1157.925572	1024.0
1158.480201	1045.599976
1159.034774	1028.800049
1159.589289	1033.400024
1160.143748	1022.0
1160.698149	1034.800049
1161.252494	1031.199951
1161.806782	1034.0
1162.361013	1032.199951
1162.915187	1031.599976
1163.469304	1025.800049
1164.023364	1037.400024
1164.577368	1031.400024
1165.131314	1037.0
1165.685204	1031.0
1166.239036	1023.200012
1166.792812	1021.200012
1167.346531	1036.0
1167.900193	1026.199951
1168.453798	1026.800049
1169.007347	1025.599976
1169.560838	1022.200012
1170.114273	1026.599976
1170.66765	1024.0
1171.220971	1026.0
1171.774235	1018.0
1172.327443	1021.599976
1172.880593	1030.800049
1173.433687	1020.0
1173.986723	1030.400024
1174.539703	1027.800049
1175.092626	1026.0
1175.645493	1029.599976
1176.198302	1025.599976
1176.751055	1017.400024
1177.303751	1027.400024
1177.85639	1025.400024
1178.408972	1023.0
1178.961498	1024.400024
1179.513966	1017.0
1180.066378	1018.599976
1180.618733	1023.599976
1181.171032	1009.799988
1181.723273	1029.0
1182.275458	1030.599976
1182.827586	1025.800049
1183.379657	1021.799988
1183.931672	1023.400024
1184.48363	1022.599976
1185.035531	1019.200012
1185.587375	1022.799988
1186.139162	1028.0
1186.690893	1023.799988
1187.242567	1015.400024
1187.794184	1019.799988
1188.345745	1021.599976
1188.897249	1030.599976
1189.448696	1030.199951
1190.000086	1023.799988
1190.55142	1022.200012
1191.102697	1021.599976
1191.653918	1022.0
1192.205081	1022.400024
1192.756188	1022.200012
1193.307238	1037.800049
1193.858232	1013.599976
1194.409169	1030.400024
1194.960049	1019.599976
1195.510872	1021.200012
1196.061639	1017.400024
1196.612349	1018.599976
1197.163003	1015.0
1197.713599	1018.799988
1198.264139	1019.799988
1198.814623	1012.0
1199.36505	1018.799988
1199.91542	1011.599976
1200.465734	1009.0
1201.01599	1010.799988
1201.566191	1017.599976
1202.116334	1015.0
1202.666421	1018.799988
1203.216452	1016.0
1203.766425	1023.200012
1204.316343	1011.799988
1204.866203	1013.200012
1205.416007	1009.599976
1205.965754	1001.799988
1206.515445	1016.799988
1207.065079	1012.200012
1207.614657	1010.799988
1208.164177	1014.0
1208.713642	1019.400024
1209.26305	1004.599976
1209.812401	1017.0
1210.361695	1009.200012
1210.910933	1018.799988
1211.460115	1006.0
1212.00924	1027.800049
1212.558308	1007.599976
1213.10732	1012.0
1213.656275	1007.0
1214.205174	1005.599976
1214.754016	1011.799988
1215.302801	1008.0
1215.85153	1017.0
1216.400203	1002.400024
1216.948819	1014.0
1217.497378	1006.200012
1218.045881	1012.799988
1218.594327	998.4000244
1219.142717	1014.0
1219.691051	1004.0
1220.239327	1015.599976
1220.787548	1010.799988
1221.335712	1006.799988
1221.883819	1004.799988
1222.43187	1004.200012
1222.979864	996.5999756
1223.527802	1018.0
1224.075683	1006.400024
1224.623508	1004.400024
1225.171277	1007.0
1225.718989	1010.200012
1226.266644	1001.0
1226.814243	1007.400024
1227.361786	1009.599976
1227.909272	1006.599976
1228.456702	1004.200012
1229.004075	999.2000122
1229.551392	1008.0
1230.098652	1002.799988
1230.645856	998.2000122
1231.193003	1009.599976
1231.740094	1003.0
1232.287129	1008.200012
1232.834107	1009.0
1233.381029	1009.400024
1233.927894	1007.200012
1234.474703	1003.200012
1235.021455	1001.599976
1235.568151	997.5999756
1236.114791	995.4000244
1236.661374	1003.0
1237.207901	998.7999878
1237.754372	1005.0
1238.300786	1003.599976
1238.847144	1000.599976
1239.393445	1008.400024
1239.93969	999.5999756
1240.485879	1003.400024
1241.032011	1004.400024
1241.578087	1004.599976
1242.124106	996.5999756
1242.67007	999.2000122
1243.215976	1002.0
1243.761827	1000.599976
1244.307621	999.4000244
1244.853359	998.7999878
1245.39904	1005.0
1245.944665	1003.400024
1246.490234	1001.799988
1247.035746	1007.599976
1247.581203	1004.599976
1248.126602	995.7999878
1248.671946	994.7999878
1249.217233	995.5999756
1249.762464	998.4000244
1250.307638	998.0
1250.852757	999.5999756
1251.397819	1005.200012
1251.942824	999.7999878
1252.487774	996.4000244
1253.032667	1011.599976
1253.577503	999.0
1254.122284	992.7999878
1254.667008	1004.400024
1255.211676	1001.799988
1255.756288	1003.0
1256.300843	997.4000244
1256.845342	1001.0
1257.389785	994.0
1257.934172	1001.799988
1258.478502	1003.799988
1259.022776	1004.799988
1259.566994	1000.599976
1260.111156	1014.599976
1260.655261	1000.799988
1261.199311	997.5999756
1261.743304	1001.200012
1262.28724	1000.599976
1262.831121	1009.0
1263.374945	1009.0
1263.918713	1017.799988
1264.462425	1029.400024
1265.006081	1026.400024
1265.54968	1007.400024
1266.093223	999.0
1266.636711	1003.799988
1267.180141	997.4000244
1267.723516	997.2000122
1268.266835	1002.599976
1268.810097	999.7999878
1269.353303	998.0
1269.896453	994.7999878
1270.439547	1000.400024
1270.982584	991.4000244
1271.525566	994.0
1272.068491	984.7999878
1272.61136	1003.799988
1273.154173	1002.400024
1273.69693	999.4000244
1274.239631	1005.799988
1274.782275	991.2000122
1275.324864	1000.0
1275.867396	989.7999878
1276.409872	991.5999756
1276.952292	996.2000122
1277.494656	992.4000244
1278.036964	1007.400024
1278.579215	997.4000244
1279.121411	996.7999878
1279.66355	994.5999756
1280.205634	989.0
1280.747661	999.7999878
1281.289632	993.5999756
1281.831547	1001.400024
1282.373406	1018.599976
1282.915209	1024.800049
1283.456955	1059.800049
1283.998646	1155.800049
1284.540281	1405.0
1285.081859	1514.0
1285.623381	1245.400024
1286.164848	1067.800049
1286.706258	1024.800049
1287.247612	1015.799988
1287.788911	989.4000244
1288.330153	1010.0
1288.871339	993.2000122
1289.412469	996.7999878
1289.953543	993.4000244
1290.494561	988.7999878
1291.035523	991.0
1291.576428	1000.200012
1292.117278	997.0
1292.658072	981.4000244
1293.19881	986.7999878
1293.739492	993.4000244
1294.280118	983.4000244
1294.820687	991.0
1295.361201	984.2000122
1295.901659	984.4000244
1296.442061	993.5999756
1296.982406	990.2000122
1297.522696	987.7999878
1298.06293	986.4000244
1298.603108	987.4000244
1299.143229	984.0
1299.683295	987.5999756
1300.223305	987.5999756
1300.763259	991.0
1301.303157	978.0
1301.842999	984.0
1302.382785	980.2000122
1302.922515	986.2000122
1303.462189	983.2000122
1304.001807	982.2000122
1304.541369	986.5999756
1305.080875	973.5999756
1305.620326	989.2000122
1306.15972	983.5999756
1306.699058	982.2000122
1307.238341	979.5999756
1307.777567	978.0
1308.316738	984.4000244
1308.855853	979.7999878
1309.394912	979.5999756
1309.933915	981.0
1310.472862	972.7999878
1311.011753	982.2000122
1311.550588	985.7999878
1312.089367	978.5999756
1312.62809	976.2000122
1313.166758	980.7999878
1313.70537	980.5999756
1314.243925	980.4000244
1314.782425	981.4000244
1315.320869	971.2000122
1315.859257	974.0
1316.397589	968.2000122
1316.935866	977.7999878
1317.474086	981.5999756
1318.012251	980.0
1318.55036	979.5999756
1319.088413	979.4000244
1319.62641	975.2000122
1320.164351	973.5999756
1320.702236	975.7999878
1321.240066	971.2000122
1321.777839	972.2000122
1322.315557	982.7999878
1322.853219	972.4000244
1323.390826	976.5999756
1323.928376	978.5999756
1324.465871	974.5999756
1325.003309	983.7999878
1325.540692	977.0
1326.07802	973.2000122
1326.615291	975.5999756
1327.152506	979.0
1327.689666	968.0
1328.22677	977.4000244
1328.763818	968.2000122
1329.300811	973.4000244
1329.837747	964.4000244
1330.374628	970.2000122
1330.911453	974.4000244
1331.448222	977.7999878
1331.984936	962.2000122
1332.521594	977.4000244
1333.058196	975.5999756
1333.594742	972.7999878
1334.131232	972.7999878
1334.667667	978.2000122
1335.204046	971.4000244
1335.740369	977.2000122
1336.276637	971.5999756
1336.812848	970.2000122
1337.349004	979.0
1337.885105	977.4000244
1338.421149	971.4000244
1338.957138	974.2000122
1339.493071	981.5999756
1340.028949	967.5999756
1340.56477	976.2000122
1341.100536	958.7999878
1341.636246	970.5999756
1342.171901	975.0
1342.7075	974.0
1343.243043	969.2000122
1343.77853	962.2000122
1344.313962	970.2000122
1344.849338	971.4000244
1345.384659	971.5999756
1345.919923	978.2000122
1346.455133	977.0
1346.990286	971.0
1347.525384	970.2000122
1348.060426	970.0
1348.595412	969.4000244
1349.130343	969.4000244
1349.665218	977.4000244
1350.200037	969.2000122
1350.734801	973.5999756
1351.269509	968.2000122
1351.804162	969.5999756
1352.338758	963.4000244
1352.8733	968.7999878
1353.407785	963.4000244
1353.942215	976.7999878
1354.476589	968.5999756
1355.010908	974.5999756
1355.545171	964.4000244
1356.079379	968.4000244
1356.61353	964.0
1357.147627	959.5999756
1357.681667	970.4000244
1358.215652	968.7999878
1358.749582	963.4000244
1359.283456	968.4000244
1359.817274	970.0
1360.351037	959.4000244
1360.884744	969.2000122
1361.418395	961.4000244
1361.951991	972.5999756
1362.485531	967.5999756
1363.019016	967.2000122
1363.552445	963.2000122
1364.085819	965.5999756
1364.619137	951.4000244
1365.1524	966.0
1365.685607	965.2000122
1366.218758	968.2000122
1366.751854	963.7999878
1367.284894	970.2000122
1367.817879	960.7999878
1368.350808	970.7999878
1368.883682	953.7999878
1369.4165	969.5999756
1369.949263	977.5999756
1370.48197	970.5999756
1371.014622	961.5999756
1371.547218	959.2000122
1372.079758	971.7999878
1372.612244	958.4000244
1373.144673	966.5999756
1373.677047	969.2000122
1374.209366	955.2000122
1374.741629	961.4000244
1375.273836	961.0
1375.805989	966.7999878
1376.338085	964.4000244
1376.870126	965.5999756
1377.402112	963.5999756
1377.934042	956.5999756
1378.465917	960.4000244
1378.997736	972.2000122
1379.5295	962.2000122
1380.061208	958.5999756
1380.592861	960.2000122
1381.124459	964.5999756
1381.656	966.0
1382.187487	970.7999878
1382.718918	964.7999878
1383.250294	969.2000122
1383.781614	962.5999756
1384.312879	968.7999878
1384.844088	975.4000244
1385.375242	988.0
1385.90634	1000.0
1386.437383	1006.0
1386.968371	1046.400024
1387.499303	1223.199951
1388.03018	1747.400024
1388.561001	1878.199951
1389.091767	1272.199951
1389.622478	1046.800049
1390.153133	999.7999878
1390.683733	974.7999878
1391.214277	969.0
1391.744766	966.0
1392.2752	970.0
1392.805578	960.4000244
1393.335901	963.2000122
1393.866168	955.2000122
1394.396381	960.2000122
1394.926537	958.4000244
1395.456639	959.7999878
1395.986685	958.2000122
1396.516675	961.0
1397.046611	965.5999756
1397.576491	968.2000122
1398.106315	964.5999756
1398.636084	958.7999878
1399.165798	957.4000244
1399.695457	960.4000244
1400.22506	962.0
1400.754608	960.2000122
1401.284101	964.4000244
1401.813538	961.2000122
1402.34292	963.5999756
1402.872247	956.4000244
1403.401518	961.7999878
1403.930734	949.5999756
1404.459895	950.5999756
1404.989	949.0
1405.51805	960.2000122
1406.047045	956.7999878
1406.575984	957.7999878
1407.104869	969.5999756
1407.633697	964.5999756
1408.162471	963.2000122
1408.691189	968.5999756
1409.219852	1008.400024
1409.74846	1023.599976
1410.277013	1001.799988
1410.80551	967.5999756
1411.333952	963.0
1411.862339	959.4000244
1412.39067	955.5999756
1412.918946	950.0
1413.447167	948.4000244
1413.975333	949.5999756
1414.503444	956.2000122
1415.031499	952.2000122
1415.559499	955.7999878
1416.087444	950.2000122
1416.615333	947.5999756
1417.143167	958.7999878
1417.670947	951.5999756
1418.19867	952.5999756
1418.726339	950.5999756
1419.253952	946.5999756
1419.781511	961.7999878
1420.309014	948.7999878
1420.836461	949.2000122
1421.363854	952.7999878
1421.891191	946.2000122
1422.418474	935.2000122
1422.945701	961.0
1423.472872	958.5999756
1423.999989	959.0
1424.52705	958.2000122
1425.054057	950.0
1425.581008	940.4000244
1426.107904	951.0
1426.634745	959.5999756
1427.16153	947.0
1427.688261	947.5999756
1428.214936	941.7999878
1428.741556	947.0
1429.268121	954.2000122
1429.794631	945.7999878
1430.321085	946.0
1430.847485	950.4000244
1431.373829	949.7999878
1431.900118	945.2000122
1432.426353	946.7999878
1432.952532	937.2000122
1433.478655	955.2000122
1434.004724	941.0
1434.530738	950.7999878
1435.056696	947.7999878
1435.5826	944.4000244
1436.108448	943.7999878
1436.634241	949.5999756
1437.159979	951.4000244
1437.685662	949.2000122
1438.21129	949.0
1438.736863	945.5999756
1439.262381	947.4000244
1439.787843	946.0
1440.313251	950.4000244
1440.838603	949.7999878
1441.3639	947.4000244
1441.889143	940.0
1442.41433	948.2000122
1442.939462	950.2000122
1443.464539	943.4000244
1443.989561	937.0
1444.514528	945.2000122
1445.03944	944.5999756
1445.564297	941.7999878
1446.089099	945.4000244
1446.613846	950.7999878
1447.138537	932.5999756
1447.663174	945.0
1448.187756	943.4000244
1448.712282	937.4000244
1449.236754	946.4000244
1449.761171	946.4000244
1450.285532	953.0
1450.809839	949.2000122
1451.33409	945.4000244
1451.858287	942.5999756
1452.382428	941.0
1452.906515	935.5999756
1453.430546	939.2000122
1453.954523	945.5999756
1454.478444	950.2000122
1455.002311	941.4000244
1455.526123	944.5999756
1456.049879	939.4000244
1456.573581	943.7999878
1457.097227	935.7999878
1457.620819	942.7999878
1458.144356	947.2000122
1458.667837	939.2000122
1459.191264	947.4000244
1459.714636	941.5999756
1460.237952	936.5999756
1460.761214	945.0
1461.284421	941.2000122
1461.807573	940.2000122
1462.33067	944.2000122
1462.853712	945.7999878
1463.376699	943.0
1463.899632	941.2000122
1464.422509	940.2000122
1464.945331	943.5999756
1465.468099	936.0
1465.990811	935.0
1466.513469	932.4000244
1467.036071	942.4000244
1467.558619	936.0
1468.081112	936.2000122
1468.60355	929.7999878
1469.125933	942.2000122
1469.648261	947.7999878
1470.170534	934.0
1470.692752	939.4000244
1471.214916	934.4000244
1471.737024	938.2000122
1472.259078	945.4000244
1472.781077	944.5999756
1473.303021	927.5999756
1473.82491	938.5999756
1474.346744	940.5999756
1474.868523	935.2000122
1475.390248	932.0
1475.911917	935.7999878
1476.433532	930.7999878
1476.955092	939.7999878
1477.476597	940.7999878
1477.998047	931.7999878
1478.519442	940.5999756
1479.040783	925.5999756
1479.562068	936.2000122
1480.083299	930.4000244
1480.604475	935.2000122
1481.125596	939.7999878
1481.646663	938.5999756
1482.167674	931.0
1482.688631	930.4000244
1483.209533	926.7999878
1483.73038	931.4000244
1484.251172	936.0
1484.771909	944.5999756
1485.292592	938.4000244
1485.81322	932.7999878
1486.333793	932.4000244
1486.854311	929.4000244
1487.374775	931.2000122
1487.895183	939.2000122
1488.415537	936.7999878
1488.935836	933.2000122
1489.456081	935.7999878
1489.97627	939.5999756
1490.496405	929.4000244
1491.016485	923.7999878
1491.536511	928.2000122
1492.056481	928.2000122
1492.576397	917.5999756
1493.096258	938.0
1493.616064	939.4000244
1494.135816	932.0
1494.655513	932.4000244
1495.175155	932.0
1495.694742	926.4000244
1496.214274	923.0
1496.733752	923.4000244
1497.253175	932.2000122
1497.772544	921.2000122
1498.291858	928.7999878
1498.811116	931.5999756
1499.330321	939.4000244
1499.84947	937.2000122
1500.368565	934.0
1500.887605	931.7999878
1501.406591	931.0
1501.925521	925.5999756
1502.444397	938.0
1502.963219	938.2000122
1503.481985	923.0
1504.000697	930.0
1504.519355	925.0
1505.037957	925.4000244
1505.556505	933.5999756
1506.074999	936.4000244
1506.593437	932.4000244
1507.111821	926.4000244
1507.63015	936.4000244
1508.148425	917.4000244
1508.666645	927.7999878
1509.18481	925.7999878
1509.702921	927.5999756
1510.220977	929.0
1510.738979	933.2000122
1511.256925	923.7999878
1511.774817	924.5999756
1512.292655	925.7999878
1512.810438	932.2000122
1513.328166	924.0
1513.84584	928.0
1514.363459	930.4000244
1514.881023	928.7999878
1515.398533	934.7999878
1515.915988	924.7999878
1516.433389	926.7999878
1516.950734	935.4000244
1517.468026	923.0
1517.985263	938.0
1518.502445	921.0
1519.019572	927.5999756
1519.536645	924.5999756
1520.053664	922.4000244
1520.570628	918.0
1521.087537	923.4000244
1521.604392	921.7999878
1522.121192	925.7999878
1522.637937	927.4000244
1523.154628	923.4000244
1523.671265	924.7999878
1524.187847	918.7999878
1524.704374	924.0
1525.220847	926.2000122
1525.737265	927.4000244
1526.253629	929.4000244
1526.769938	923.5999756
1527.286192	919.5999756
1527.802392	923.2000122
1528.318538	923.5999756
1528.834629	920.2000122
1529.350666	925.7999878
1529.866648	927.2000122
1530.382575	916.5999756
1530.898448	919.0
1531.414266	921.2000122
1531.93003	921.7999878
1532.44574	923.5999756
1532.961395	923.5999756
1533.476995	921.7999878
1533.992541	932.2000122
1534.508033	928.2000122
1535.02347	917.4000244
1535.538852	920.4000244
1536.05418	924.2000122
1536.569454	923.0
1537.084673	919.5999756
1537.599837	923.4000244
1538.114947	931.0
1538.630003	926.4000244
1539.145004	922.4000244
1539.659951	918.5999756
1540.174843	918.5999756
1540.689681	926.5999756
1541.204465	916.2000122
1541.719194	911.5999756
1542.233868	915.5999756
1542.748488	926.0
1543.263054	911.7999878
1543.777565	920.5999756
1544.292022	921.2000122
1544.806424	915.4000244
1545.320772	921.2000122
1545.835066	914.5999756
1546.349305	916.4000244
1546.863489	929.0
1547.37762	924.7999878
1547.891696	916.0
1548.405717	927.0
1548.919684	914.5999756
1549.433597	917.4000244
1549.947455	931.0
1550.461259	919.5999756
1550.975009	920.4000244
1551.488704	923.0
1552.002345	920.0
1552.515931	929.0
1553.029463	929.4000244
1553.542941	919.4000244
1554.056364	926.5999756
1554.569733	917.4000244
1555.083048	923.5999756
1555.596308	912.7999878
1556.109514	913.5999756
1556.622665	922.4000244
1557.135762	921.5999756
1557.648805	919.2000122
1558.161794	920.4000244
1558.674728	919.7999878
1559.187608	916.5999756
1559.700433	923.2000122
1560.213205	913.7999878
1560.725921	918.0
1561.238584	913.4000244
1561.751192	926.5999756
1562.263746	922.4000244
1562.776246	926.4000244
1563.288691	923.0
1563.801082	915.2000122
1564.313419	919.4000244
1564.825701	916.4000244
1565.337929	921.7999878
1565.850103	927.0
1566.362223	914.7999878
1566.874288	925.2000122
1567.386299	917.2000122
1567.898256	921.2000122
1568.410158	922.7999878
1568.922007	921.2000122
1569.4338	918.7999878
1569.94554	913.4000244
1570.457226	927.5999756
1570.968857	906.5999756
1571.480434	921.2000122
1571.991956	921.7999878
1572.503425	923.5999756
1573.014839	916.5999756
1573.526199	917.5999756
1574.548756	918.4000244
1575.059953	916.2000122
1575.571096	913.4000244
1576.082185	914.0
1576.59322	916.4000244
1577.1042	927.4000244
1577.615126	930.0
1578.125998	926.5999756
1578.636816	922.2000122
1579.14758	926.7999878
1579.658289	912.7999878
1580.168944	923.4000244
1580.679545	913.7999878
1581.190092	921.7999878
1581.700585	909.7999878
1582.211023	919.7999878
1582.721407	918.2000122
1583.231737	912.5999756
1583.742013	921.2000122
1584.252235	913.0
1584.762403	924.2000122
1585.272516	922.7999878
1585.782575	919.4000244
1586.292581	921.2000122
1586.802532	911.4000244
1587.312428	923.4000244
1587.822271	923.2000122
1588.33206	922.7999878
1588.841794	913.5999756
1589.351474	925.7999878
1589.8611	905.7999878
1590.370672	913.5999756
1590.88019	923.0
1591.389654	918.7999878
1591.899064	921.7999878
1592.408419	917.4000244
