1043.018714	1068.599976
1043.585098	1071.800049
1044.151424	1073.400024
1044.717692	1075.800049
1045.283903	1073.599976
1045.850056	1071.199951
1046.416151	1066.599976
1046.982188	1075.599976
1047.548167	1071.800049
1048.114089	1069.800049
1048.679953	1072.599976
1049.24576	1058.599976
1049.811509	1062.400024
1050.3772	1070.400024
1050.942833	1062.199951
1051.508408	1060.0
1052.073926	1068.800049
1052.639387	1064.599976
1053.204789	1060.0
1053.770134	1056.199951
1054.335421	1064.0
1054.900651	1059.0
1055.465823	1058.599976
1056.030937	1062.800049
1056.595993	1063.199951
1057.160992	1059.400024
1057.725934	1057.400024
1058.290817	1058.800049
1058.855643	1052.599976
1059.420411	1060.599976
1059.985122	1045.0
1060.549775	1061.400024
1061.114371	1053.599976
1061.678908	1066.0
1062.243389	1050.0
1062.807811	1061.199951
1063.372176	1043.400024
1063.936483	1052.199951
1064.500733	1054.800049
1065.064925	1057.800049
1065.62906	1048.199951
1066.193137	1063.599976
1066.757156	1064.0
1067.321118	1048.400024
1067.885022	1044.199951
1068.448869	1070.400024
1069.012658	1057.599976
1069.57639	1047.599976
1070.140063	1064.400024
1070.70368	1049.599976
1071.267239	1046.800049
1071.83074	1044.199951
1072.394184	1041.599976
1072.95757	1041.400024
1073.520899	1046.400024
1074.08417	1052.800049
1074.647383	1051.800049
1075.21054	1051.599976
1075.773638	1037.599976
1076.336679	1055.0
1076.899663	1047.0
1077.462589	1056.599976
1078.025457	1047.599976
1078.588268	1047.800049
1079.151022	1046.199951
1079.713718	1050.0
1080.276356	1037.400024
1080.838937	1046.400024
1081.401461	1054.800049
1081.963927	1050.800049
1082.526336	1044.599976
1083.088687	1043.400024
1083.650981	1046.800049
1084.213217	1040.199951
1084.775396	1053.0
1085.337517	1048.0
1085.899581	1042.199951
1086.461587	1049.0
1087.023536	1043.0
1087.585428	1044.0
1088.147262	1034.199951
1088.709039	1055.0
1089.270758	1031.400024
1089.83242	1039.800049
1090.394024	1038.0
1090.955571	1039.0
1091.517061	1037.0
1092.078493	1042.400024
1092.639868	1042.0
1093.201185	1044.400024
1093.762445	1040.400024
1094.323648	1037.599976
1094.884793	1031.800049
1095.445881	1046.800049
1096.006911	1027.199951
1096.567884	1034.400024
1097.1288	1038.400024
1097.689659	1027.800049
1098.25046	1041.0
1098.811203	1031.800049
1099.37189	1046.0
1099.932518	1042.599976
1100.49309	1033.599976
1101.053604	1026.199951
1101.614061	1036.0
1102.174461	1036.400024
1102.734803	1021.400024
1103.295088	1022.200012
1103.855316	1031.199951
1104.415486	1042.400024
1104.975599	1021.0
1105.535655	1025.199951
1106.095653	1021.599976
1106.655594	1020.400024
1107.215478	1023.799988
1107.775305	1017.200012
1108.335074	1034.400024
1108.894786	1025.400024
1109.45444	1020.799988
1110.014038	1032.400024
1110.573578	1032.400024
1111.133061	1023.799988
1111.692486	1028.599976
1112.251854	1023.0
1112.811165	1018.200012
1113.370419	1021.0
1113.929616	1014.400024
1114.488755	1026.400024
1115.047837	1021.0
1115.606862	1025.400024
1116.16583	1015.0
1116.72474	1013.200012
1117.283593	1012.599976
1117.842389	1017.599976
1118.401128	1013.799988
1118.959809	1021.200012
1119.518433	1026.199951
1120.077	1011.599976
1120.63551	1018.799988
1121.193963	1015.599976
1121.752358	1021.799988
1122.310697	1023.400024
1122.868978	1012.799988
1123.427202	1009.200012
1123.985368	1011.599976
1124.543478	1023.0
1125.10153	1022.799988
1125.659526	1024.0
1126.217464	1027.800049
1126.775345	1019.799988
1127.333168	1010.599976
1127.890935	1028.0
1128.448644	1016.599976
1129.006297	1010.200012
1129.563892	1009.200012
1130.12143	1015.799988
1130.678911	1015.400024
1131.236335	1022.599976
1131.793701	1024.800049
1132.351011	1009.0
1132.908263	1015.200012
1133.465458	1022.400024
1134.022597	1015.400024
1134.579678	1022.0
1135.136702	1018.200012
1135.693669	1005.799988
1136.250578	1018.599976
1136.807431	1011.799988
1137.364227	1009.599976
1137.920965	1011.400024
1138.477647	1018.0
1139.034271	1009.799988
1139.590839	1028.199951
1140.147349	1017.599976
1140.703802	1020.400024
1141.260198	1023.599976
1141.816537	1024.0
1142.37282	1016.400024
1142.929045	1035.400024
1143.485213	1023.200012
1144.041323	1013.599976
1144.597377	1021.799988
1145.153374	1020.400024
1145.709314	1025.0
1146.265197	1012.0
1146.821023	1029.199951
1147.376792	1030.800049
1147.932503	1013.400024
1148.488158	1016.400024
1149.043756	1035.199951
1149.599297	1082.199951
1150.154781	1207.800049
1150.710207	1158.599976
1151.265577	1051.599976
1151.82089	1027.400024
1152.376146	1014.400024
1152.931345	1012.799988
1153.486487	1010.200012
1154.041572	1005.599976
1154.5966	1014.400024
1155.151571	1012.400024
1155.706485	1007.400024
1156.261342	1013.799988
1156.816142	1018.599976
1157.370885	1010.0
1157.925572	1013.200012
1158.480201	1002.599976
1159.034774	1016.0
1159.589289	1006.799988
1160.143748	1007.799988
1160.698149	1010.599976
1161.252494	1008.200012
1161.806782	1016.400024
1162.361013	1014.0
1162.915187	1015.799988
1163.469304	1013.799988
1164.023364	1000.599976
1164.577368	1003.400024
1165.131314	1008.200012
1165.685204	1011.400024
1166.239036	1007.400024
1166.792812	1009.799988
1167.346531	1016.200012
1167.900193	1007.400024
1168.453798	999.7999878
1169.007347	1009.799988
1169.560838	1027.400024
1170.114273	1007.0
1170.66765	1009.400024
1171.220971	1014.0
1171.774235	1003.799988
1172.327443	1008.799988
1172.880593	1014.0
1173.433687	1010.599976
1173.986723	1003.400024
1174.539703	1011.0
1175.092626	1006.799988
1175.645493	1006.599976
1176.198302	1010.400024
1176.751055	1001.799988
1177.303751	1003.400024
1177.85639	1004.200012
1178.408972	1008.0
1178.961498	1000.200012
1179.513966	998.7999878
1180.066378	998.7999878
1180.618733	1007.0
1181.171032	1001.599976
1181.723273	990.2000122
1182.275458	1001.599976
1182.827586	994.5999756
1183.379657	996.4000244
1183.931672	1000.0
1184.48363	1011.400024
1185.035531	1017.400024
1185.587375	998.2000122
1186.139162	1002.200012
1186.690893	1008.0
1187.242567	996.5999756
1187.794184	987.5999756
1188.345745	993.7999878
1188.897249	1008.599976
1189.448696	990.2000122
1190.000086	991.0
1190.55142	996.7999878
1191.102697	1001.799988
1191.653918	1004.0
1192.205081	999.0
1192.756188	1005.400024
1193.307238	1010.599976
1193.858232	1002.599976
1194.409169	994.7999878
1194.960049	1002.0
1195.510872	997.5999756
1196.061639	991.5999756
1196.612349	996.4000244
1197.163003	999.0
1197.713599	996.5999756
1198.264139	996.2000122
1198.814623	988.5999756
1199.36505	999.4000244
1199.91542	996.2000122
1200.465734	995.2000122
1201.01599	999.7999878
1201.566191	999.2000122
1202.116334	997.2000122
1202.666421	990.4000244
1203.216452	981.4000244
1203.766425	985.5999756
1204.316343	995.7999878
1204.866203	1000.0
1205.416007	993.5999756
1205.965754	983.0
1206.515445	995.4000244
1207.065079	994.2000122
1207.614657	989.4000244
1208.164177	995.4000244
1208.713642	990.2000122
1209.26305	988.2000122
1209.812401	992.4000244
1210.361695	988.4000244
1210.910933	992.2000122
1211.460115	994.0
1212.00924	987.2000122
1212.558308	979.7999878
1213.10732	990.5999756
1213.656275	993.0
1214.205174	1002.400024
1214.754016	990.5999756
1215.302801	985.4000244
1215.85153	983.5999756
1216.400203	986.5999756
1216.948819	976.0
1217.497378	988.5999756
1218.045881	980.0
1218.594327	992.7999878
1219.142717	990.5999756
1219.691051	992.5999756
1220.239327	986.2000122
1220.787548	994.5999756
1221.335712	984.7999878
1221.883819	982.7999878
1222.43187	992.2000122
1222.979864	988.0
1223.527802	983.5999756
1224.075683	993.4000244
1224.623508	991.5999756
1225.171277	986.5999756
1225.718989	986.2000122
1226.266644	982.5999756
1226.814243	980.2000122
1227.361786	985.0
1227.909272	989.7999878
1228.456702	990.7999878
1229.004075	983.7999878
1229.551392	984.2000122
1230.098652	987.4000244
1230.645856	982.4000244
1231.193003	982.2000122
1231.740094	987.5999756
1232.287129	990.7999878
1232.834107	976.4000244
1233.381029	984.0
1233.927894	975.7999878
1234.474703	974.5999756
1235.021455	980.5999756
1235.568151	981.2000122
1236.114791	984.0
1236.661374	969.5999756
1237.207901	981.0
1237.754372	988.0
1238.300786	975.4000244
1238.847144	975.7999878
1239.393445	978.7999878
1239.93969	979.7999878
1240.485879	987.4000244
1241.032011	982.2000122
1241.578087	978.4000244
1242.124106	984.0
1242.67007	994.2000122
1243.215976	981.2000122
1243.761827	979.5999756
1244.307621	968.2000122
1244.853359	984.0
1245.39904	976.7999878
1245.944665	980.5999756
1246.490234	984.0
1247.035746	978.2000122
1247.581203	976.4000244
1248.126602	987.7999878
1248.671946	973.4000244
1249.217233	973.0
1249.762464	981.0
1250.307638	989.5999756
1250.852757	973.5999756
1251.397819	974.7999878
1251.942824	977.4000244
1252.487774	975.2000122
1253.032667	972.0
1253.577503	977.4000244
1254.122284	973.7999878
1254.667008	975.2000122
1255.211676	974.4000244
1255.756288	973.7999878
1256.300843	980.4000244
1256.845342	974.2000122
1257.389785	973.4000244
1257.934172	979.2000122
1258.478502	982.4000244
1259.022776	975.2000122
1259.566994	988.7999878
1260.111156	992.0
1260.655261	978.2000122
1261.199311	980.7999878
1261.743304	972.0
1262.28724	977.2000122
1262.831121	978.7999878
1263.374945	983.4000244
1263.918713	992.0
1264.462425	1011.599976
1265.006081	1007.799988
1265.54968	994.4000244
1266.093223	986.4000244
1266.636711	971.2000122
1267.180141	975.4000244
1267.723516	976.7999878
1268.266835	965.2000122
1268.810097	975.0
1269.353303	977.5999756
1269.896453	975.5999756
1270.439547	955.7999878
1270.982584	968.2000122
1271.525566	968.7999878
1272.068491	967.2000122
1272.61136	972.2000122
1273.154173	962.0
1273.69693	981.5999756
1274.239631	974.7999878
1274.782275	977.4000244
1275.324864	981.2000122
1275.867396	971.0
1276.409872	976.2000122
1276.952292	975.2000122
1277.494656	979.5999756
1278.036964	975.2000122
1278.579215	970.4000244
1279.121411	966.7999878
1279.66355	973.4000244
1280.205634	965.0
1280.747661	985.2000122
1281.289632	980.7999878
1281.831547	974.2000122
1282.373406	982.4000244
1282.915209	1017.599976
1283.456955	1063.199951
1283.998646	1169.0
1284.540281	1439.0
1285.081859	1553.599976
1285.623381	1235.599976
1286.164848	1055.199951
1286.706258	1015.0
1287.247612	993.5999756
1287.788911	974.2000122
1288.330153	982.2000122
1288.871339	967.7999878
1289.412469	979.2000122
1289.953543	975.2000122
1290.494561	961.0
1291.035523	960.4000244
1291.576428	970.5999756
1292.117278	960.0
1292.658072	968.5999756
1293.19881	970.7999878
1293.739492	964.0
1294.280118	963.5999756
1294.820687	966.7999878
1295.361201	970.7999878
1295.901659	972.5999756
1296.442061	971.5999756
1296.982406	963.5999756
1297.522696	964.5999756
1298.06293	963.7999878
1298.603108	965.5999756
1299.143229	955.0
1299.683295	973.5999756
1300.223305	964.2000122
1300.763259	959.4000244
1301.303157	958.2000122
1301.842999	966.2000122
1302.382785	960.4000244
1302.922515	960.2000122
1303.462189	960.4000244
1304.001807	969.4000244
1304.541369	954.5999756
1305.080875	965.0
1305.620326	955.5999756
1306.15972	956.2000122
1306.699058	955.5999756
1307.238341	950.4000244
1307.777567	955.5999756
1308.316738	957.4000244
1308.855853	954.0
1309.394912	951.0
1309.933915	969.0
1310.472862	961.7999878
1311.011753	954.2000122
1311.550588	961.2000122
1312.089367	956.0
1312.62809	957.0
1313.166758	961.0
1313.70537	956.7999878
1314.243925	952.2000122
1314.782425	948.4000244
1315.320869	956.5999756
1315.859257	950.0
1316.397589	957.0
1316.935866	954.2000122
1317.474086	955.5999756
1318.012251	955.0
1318.55036	957.4000244
1319.088413	959.5999756
1319.62641	953.2000122
1320.164351	953.0
1320.702236	958.2000122
1321.240066	953.4000244
1321.777839	950.4000244
1322.315557	957.4000244
1322.853219	950.2000122
1323.390826	938.5999756
1323.928376	950.7999878
1324.465871	950.4000244
1325.003309	952.4000244
1325.540692	952.7999878
1326.07802	956.0
1326.615291	949.0
1327.152506	951.0
1327.689666	949.5999756
1328.22677	958.0
1328.763818	944.2000122
1329.300811	947.0
1329.837747	944.7999878
1330.374628	952.2000122
1330.911453	952.4000244
1331.448222	948.7999878
1331.984936	950.7999878
1332.521594	948.5999756
1333.058196	941.5999756
1333.594742	956.2000122
1334.131232	951.0
1334.667667	950.2000122
1335.204046	949.4000244
1335.740369	951.7999878
1336.276637	943.2000122
1336.812848	947.2000122
1337.349004	951.0
1337.885105	954.0
1338.421149	947.7999878
1338.957138	939.2000122
1339.493071	940.7999878
1340.028949	941.4000244
1340.56477	953.5999756
1341.100536	943.7999878
1341.636246	949.4000244
1342.171901	947.7999878
1342.7075	944.2000122
1343.243043	953.4000244
1343.77853	946.0
1344.313962	942.5999756
1344.849338	946.7999878
1345.384659	942.5999756
1345.919923	951.4000244
1346.455133	951.4000244
1346.990286	942.7999878
1347.525384	940.7999878
1348.060426	945.2000122
1348.595412	953.5999756
1349.130343	951.0
1349.665218	944.7999878
1350.200037	941.4000244
1350.734801	942.4000244
1351.269509	944.5999756
1351.804162	952.0
1352.338758	938.5999756
1352.8733	945.5999756
1353.407785	942.2000122
1353.942215	949.2000122
1354.476589	923.5999756
1355.010908	943.5999756
1355.545171	946.5999756
1356.079379	937.5999756
1356.61353	946.5999756
1357.147627	934.0
1357.681667	939.5999756
1358.215652	940.7999878
1358.749582	946.2000122
1359.283456	941.2000122
1359.817274	943.7999878
1360.351037	936.4000244
1360.884744	937.5999756
1361.418395	948.0
1361.951991	948.0
1362.485531	938.2000122
1363.019016	939.2000122
1363.552445	947.2000122
1364.085819	941.2000122
1364.619137	934.5999756
1365.1524	937.4000244
1365.685607	936.2000122
1366.218758	946.5999756
1366.751854	944.5999756
1367.284894	937.0
1367.817879	940.5999756
1368.350808	937.4000244
1368.883682	939.4000244
1369.4165	930.4000244
1369.949263	957.5999756
1370.48197	958.7999878
1371.014622	944.5999756
1371.547218	936.0
1372.079758	942.2000122
1372.612244	944.2000122
1373.144673	947.2000122
1373.677047	939.0
1374.209366	938.7999878
1374.741629	942.0
1375.273836	940.4000244
1375.805989	945.7999878
1376.338085	938.7999878
1376.870126	942.2000122
1377.402112	925.2000122
1377.934042	943.2000122
1378.465917	941.0
1378.997736	941.2000122
1379.5295	944.4000244
1380.061208	931.2000122
1380.592861	940.4000244
1381.124459	942.7999878
1381.656	935.5999756
1382.187487	945.0
1382.718918	943.2000122
1383.250294	940.7999878
1383.781614	937.7999878
1384.312879	942.4000244
1384.844088	949.0
1385.375242	954.2000122
1385.90634	972.5999756
1386.437383	984.4000244
1386.968371	1039.400024
1387.499303	1246.599976
1388.03018	1857.400024
1388.561001	1934.0
1389.091767	1281.599976
1389.622478	1024.0
1390.153133	971.4000244
1390.683733	951.7999878
1391.214277	941.4000244
1391.744766	939.7999878
1392.2752	949.4000244
1392.805578	931.7999878
1393.335901	937.5999756
1393.866168	941.5999756
1394.396381	928.7999878
1394.926537	923.5999756
1395.456639	938.0
1395.986685	935.7999878
1396.516675	931.4000244
1397.046611	928.7999878
1397.576491	932.2000122
1398.106315	948.7999878
1398.636084	937.4000244
1399.165798	931.2000122
1399.695457	933.4000244
1400.22506	937.5999756
1400.754608	935.5999756
1401.284101	924.0
1401.813538	928.5999756
1402.34292	929.2000122
1402.872247	932.7999878
1403.401518	932.5999756
1403.930734	930.0
1404.459895	927.4000244
1404.989	938.2000122
1405.51805	927.0
1406.047045	931.5999756
1406.575984	929.4000244
1407.104869	931.5999756
1407.633697	941.4000244
1408.162471	943.7999878
1408.691189	958.4000244
1409.219852	974.4000244
1409.74846	998.0
1410.277013	973.2000122
1410.80551	946.5999756
1411.333952	928.4000244
1411.862339	935.5999756
1412.39067	931.5999756
1412.918946	928.0
1413.447167	925.2000122
1413.975333	929.5999756
1414.503444	921.7999878
1415.031499	926.5999756
1415.559499	937.7999878
1416.087444	918.4000244
1416.615333	923.4000244
1417.143167	921.2000122
1417.670947	925.0
1418.19867	920.7999878
1418.726339	933.4000244
1419.253952	926.2000122
1419.781511	926.5999756
1420.309014	918.4000244
1420.836461	925.0
1421.363854	933.2000122
1421.891191	928.0
1422.418474	928.2000122
1422.945701	926.7999878
1423.472872	922.7999878
1423.999989	931.2000122
1424.52705	925.0
1425.054057	927.7999878
1425.581008	920.4000244
1426.107904	929.4000244
1426.634745	925.0
1427.16153	927.5999756
1427.688261	919.2000122
1428.214936	919.0
1428.741556	926.2000122
1429.268121	922.4000244
1429.794631	922.4000244
1430.321085	920.2000122
1430.847485	923.0
1431.373829	920.0
1431.900118	920.0
1432.426353	911.0
1432.952532	914.2000122
1433.478655	916.0
1434.004724	920.4000244
1434.530738	918.5999756
1435.056696	921.7999878
1435.5826	918.0
1436.108448	918.2000122
1436.634241	910.0
1437.159979	922.4000244
1437.685662	919.4000244
1438.21129	911.4000244
1438.736863	924.2000122
1439.262381	918.5999756
1439.787843	919.7999878
1440.313251	920.2000122
1440.838603	921.2000122
1441.3639	916.7999878
1441.889143	918.0
1442.41433	916.5999756
1442.939462	917.7999878
1443.464539	917.5999756
1443.989561	909.7999878
1444.514528	916.7999878
1445.03944	917.5999756
1445.564297	915.0
1446.089099	918.5999756
1446.613846	912.5999756
1447.138537	919.5999756
1447.663174	920.4000244
1448.187756	917.5999756
1448.712282	917.2000122
1449.236754	917.0
1449.761171	905.4000244
1450.285532	915.4000244
1450.809839	919.0
1451.33409	914.0
1451.858287	909.2000122
1452.382428	914.0
1452.906515	909.2000122
1453.430546	901.4000244
1453.954523	913.0
1454.478444	913.2000122
1455.002311	915.4000244
1455.526123	911.2000122
1456.049879	916.2000122
1456.573581	914.2000122
1457.097227	911.4000244
1457.620819	915.2000122
1458.144356	913.7999878
1458.667837	913.2000122
1459.191264	913.5999756
1459.714636	902.0
1460.237952	913.0
1460.761214	904.4000244
1461.284421	910.0
1461.807573	906.5999756
1462.33067	913.5999756
1462.853712	922.5999756
1463.376699	911.7999878
1463.899632	906.5999756
1464.422509	912.7999878
1464.945331	907.0
1465.468099	906.0
1465.990811	913.2000122
1466.513469	903.5999756
1467.036071	901.4000244
1467.558619	913.5999756
1468.081112	906.5999756
1468.60355	913.4000244
1469.125933	912.7999878
1469.648261	899.5999756
1470.170534	909.5999756
1470.692752	908.4000244
1471.214916	908.4000244
1471.737024	903.0
1472.259078	907.4000244
1472.781077	906.5999756
1473.303021	917.2000122
1473.82491	898.0
1474.346744	911.2000122
1474.868523	903.4000244
1475.390248	893.4000244
1475.911917	910.4000244
1476.433532	908.7999878
1476.955092	897.5999756
1477.476597	901.2000122
1477.998047	902.4000244
1478.519442	899.5999756
1479.040783	899.7999878
1479.562068	903.5999756
1480.083299	898.5999756
1480.604475	900.0
1481.125596	900.0
1481.646663	902.0
1482.167674	900.2000122
1482.688631	892.7999878
1483.209533	901.0
1483.73038	908.7999878
1484.251172	905.7999878
1484.771909	904.4000244
1485.292592	893.4000244
1485.81322	894.2000122
1486.333793	910.2000122
1486.854311	903.4000244
1487.374775	899.5999756
1487.895183	893.5999756
1488.415537	900.0
1488.935836	905.4000244
1489.456081	903.0
1489.97627	899.4000244
1490.496405	907.5999756
1491.016485	903.5999756
1491.536511	897.2000122
1492.056481	897.5999756
1492.576397	906.4000244
1493.096258	900.2000122
1493.616064	896.4000244
1494.135816	896.0
1494.655513	895.2000122
1495.175155	899.5999756
1495.694742	895.7999878
1496.214274	896.4000244
1496.733752	890.5999756
1497.253175	900.2000122
1497.772544	895.0
1498.291858	901.5999756
1498.811116	898.7999878
1499.330321	897.7999878
1499.84947	905.4000244
1500.368565	902.0
1500.887605	895.5999756
1501.406591	896.2000122
1501.925521	899.5999756
1502.444397	899.7999878
1502.963219	894.5999756
1503.481985	895.7999878
1504.000697	897.2000122
1504.519355	899.0
1505.037957	895.5999756
1505.556505	900.2000122
1506.074999	896.4000244
1506.593437	902.0
1507.111821	895.7999878
1507.63015	899.7999878
1508.148425	888.2000122
1508.666645	894.4000244
1509.18481	899.4000244
1509.702921	893.5999756
1510.220977	903.2000122
1510.738979	901.0
1511.256925	893.5999756
1511.774817	899.0
1512.292655	894.4000244
1512.810438	898.2000122
1513.328166	897.7999878
1513.84584	900.5999756
1514.363459	893.7999878
1514.881023	892.0
1515.398533	901.5999756
1515.915988	895.5999756
1516.433389	887.7999878
1516.950734	896.2000122
1517.468026	891.7999878
1517.985263	891.2000122
1518.502445	896.5999756
1519.019572	898.4000244
1519.536645	888.7999878
1520.053664	897.2000122
1520.570628	899.7999878
1521.087537	888.5999756
1521.604392	897.0
1522.121192	896.0
1522.637937	890.2000122
1523.154628	891.5999756
1523.671265	890.4000244
1524.187847	890.5999756
1524.704374	895.5999756
1525.220847	897.7999878
1525.737265	892.2000122
1526.253629	896.2000122
1526.769938	897.7999878
1527.286192	889.0
1527.802392	889.0
1528.318538	891.2000122
1528.834629	888.2000122
1529.350666	901.7999878
1529.866648	895.2000122
1530.382575	897.2000122
1530.898448	895.0
1531.414266	889.5999756
1531.93003	879.7999878
1532.44574	892.4000244
1532.961395	887.7999878
1533.476995	886.7999878
1533.992541	887.0
1534.508033	895.0
1535.02347	896.0
1535.538852	887.5999756
1536.05418	897.0
1536.569454	887.5999756
1537.084673	892.0
1537.599837	888.5999756
1538.114947	894.0
1538.630003	888.4000244
1539.145004	890.4000244
1539.659951	890.5999756
1540.174843	891.4000244
1540.689681	886.4000244
1541.204465	886.0
1541.719194	882.4000244
1542.233868	887.2000122
1542.748488	882.0
1543.263054	889.7999878
1543.777565	892.7999878
1544.292022	890.4000244
1544.806424	890.5999756
1545.320772	893.4000244
1545.835066	893.5999756
1546.349305	893.4000244
1546.863489	886.2000122
1547.37762	891.7999878
1547.891696	886.0
1548.405717	888.7999878
1548.919684	891.0
1549.433597	881.7999878
1549.947455	882.5999756
1550.461259	885.5999756
1550.975009	885.7999878
1551.488704	893.7999878
1552.002345	892.0
1552.515931	891.7999878
1553.029463	895.7999878
1553.542941	884.2000122
1554.056364	882.7999878
1554.569733	884.2000122
1555.083048	887.7999878
1555.596308	883.5999756
1556.109514	886.2000122
1556.622665	896.0
1557.135762	886.4000244
1557.648805	893.4000244
1558.161794	889.4000244
1558.674728	898.7999878
1559.187608	886.4000244
1559.700433	897.4000244
1560.213205	891.7999878
1560.725921	885.7999878
1561.238584	892.2000122
1561.751192	890.5999756
1562.263746	893.5999756
1562.776246	890.5999756
1563.288691	888.5999756
1563.801082	886.0
1564.313419	883.4000244
1564.825701	879.7999878
1565.337929	878.2000122
1565.850103	893.5999756
1566.362223	894.7999878
1566.874288	890.7999878
1567.386299	893.4000244
1567.898256	884.7999878
1568.410158	891.4000244
1568.922007	879.4000244
1569.4338	889.0
1569.94554	897.5999756
1570.457226	886.5999756
1570.968857	886.5999756
1571.480434	885.4000244
1571.991956	875.7999878
1572.503425	892.7999878
1573.014839	890.4000244
1573.526199	893.2000122
1574.037505	888.7999878
1574.548756	891.7999878
1575.059953	882.4000244
1575.571096	884.0
1576.082185	891.2000122
1576.59322	889.7999878
1577.1042	893.2000122
1577.615126	892.2000122
1578.125998	885.0
1578.636816	884.2000122
1579.14758	883.4000244
1579.658289	881.5999756
1580.168944	882.7999878
1580.679545	886.0
1581.190092	886.5999756
1581.700585	879.4000244
1582.211023	886.5999756
1582.721407	879.7999878
1583.231737	882.2000122
1583.742013	889.7999878
1584.252235	876.7999878
1584.762403	886.2000122
1585.272516	889.0
1585.782575	889.7999878
1586.292581	880.4000244
1586.802532	880.4000244
1587.312428	883.7999878
1587.822271	880.0
1588.33206	886.5999756
1588.841794	886.7999878
1589.351474	882.0
1589.8611	878.0
1590.370672	885.0
1590.88019	889.2000122
1591.389654	876.5999756
1591.899064	877.5999756
1592.408419	884.2000122
