1043.585098	904.7999878
1044.151424	905.2000122
1044.717692	904.7999878
1045.283903	901.5999756
1045.850056	899.5999756
1046.416151	899.7999878
1046.982188	899.0
1047.548167	893.2000122
1048.114089	905.2000122
1048.679953	898.7999878
1049.24576	897.4000244
1049.811509	906.4000244
1050.3772	899.2000122
1050.942833	898.7999878
1051.508408	892.5999756
1052.073926	898.0
1052.639387	899.4000244
1053.204789	899.2000122
1053.770134	887.0
1054.335421	889.4000244
1054.900651	889.5999756
1055.465823	896.0
1056.030937	894.2000122
1056.595993	897.7999878
1057.160992	898.5999756
1057.725934	891.4000244
1058.290817	894.2000122
1058.855643	894.5999756
1059.420411	897.4000244
1059.985122	884.5999756
1060.549775	893.0
1061.114371	893.0
1061.678908	890.4000244
1062.243389	893.0
1062.807811	899.2000122
1063.372176	888.5999756
1063.936483	882.2000122
1064.500733	885.4000244
1065.064925	888.4000244
1065.62906	891.7999878
1066.193137	887.5999756
1066.757156	889.4000244
1067.321118	885.7999878
1067.885022	889.5999756
1068.448869	898.4000244
1069.012658	885.5999756
1069.57639	887.5999756
1070.140063	892.7999878
1070.70368	887.7999878
1071.267239	886.7999878
1071.83074	889.2000122
1072.394184	887.7999878
1072.95757	880.5999756
1073.520899	884.4000244
1074.08417	883.7999878
1074.647383	888.4000244
1075.21054	890.5999756
1075.773638	886.7999878
1076.336679	885.5999756
1076.899663	882.2000122
1077.462589	882.5999756
1078.025457	885.4000244
1078.588268	883.2000122
1079.151022	886.7999878
1079.713718	875.4000244
1080.276356	882.4000244
1080.838937	879.0
1081.401461	882.5999756
1081.963927	884.4000244
1082.526336	872.2000122
1083.088687	877.4000244
1083.650981	884.2000122
1084.213217	888.4000244
1084.775396	877.2000122
1085.337517	888.2000122
1085.899581	884.5999756
1086.461587	889.0
1087.023536	878.0
1087.585428	893.2000122
1088.147262	878.4000244
1088.709039	888.5999756
1089.270758	883.4000244
1089.83242	880.5999756
1090.394024	880.7999878
1090.955571	875.7999878
1091.517061	881.2000122
1092.078493	878.2000122
1092.639868	883.7999878
1093.201185	873.7999878
1093.762445	884.0
1094.323648	879.2000122
1094.884793	873.7999878
1095.445881	874.0
1096.006911	879.0
1096.567884	878.5999756
1097.1288	879.7999878
1097.689659	877.5999756
1098.25046	880.0
1098.811203	879.2000122
1099.37189	873.2000122
1099.932518	879.5999756
1100.49309	870.0
1101.053604	879.0
1101.614061	870.2000122
1102.174461	878.4000244
1102.734803	869.7999878
1103.295088	870.0
1103.855316	875.5999756
1104.415486	873.7999878
1104.975599	872.2000122
1105.535655	881.5999756
1106.095653	872.4000244
1106.655594	872.7999878
1107.215478	878.0
1107.775305	874.0
1108.335074	869.4000244
1108.894786	875.0
1109.45444	870.2000122
1110.014038	870.7999878
1110.573578	866.5999756
1111.133061	876.2000122
1111.692486	880.5999756
1112.251854	873.2000122
1112.811165	870.5999756
1113.370419	860.5999756
1113.929616	873.2000122
1114.488755	872.5999756
1115.047837	873.2000122
1115.606862	872.4000244
1116.16583	868.7999878
1116.72474	867.0
1117.283593	870.7999878
1117.842389	875.0
1118.401128	869.5999756
1118.959809	863.4000244
1119.518433	872.0
1120.077	869.0
1120.63551	871.2000122
1121.193963	880.7999878
1121.752358	870.4000244
1122.310697	867.5999756
1122.868978	876.5999756
1123.427202	864.5999756
1123.985368	869.2000122
1124.543478	864.5999756
1125.10153	864.4000244
1125.659526	871.4000244
1126.217464	867.5999756
1126.775345	870.5999756
1127.333168	874.5999756
1127.890935	867.4000244
1128.448644	864.7999878
1129.006297	873.0
1129.563892	878.7999878
1130.12143	865.5999756
1130.678911	862.4000244
1131.236335	869.4000244
1131.793701	863.7999878
1132.351011	862.4000244
1132.908263	868.7999878
1133.465458	869.2000122
1134.022597	870.7999878
1134.579678	881.4000244
1135.136702	865.4000244
1135.693669	857.7999878
1136.250578	868.0
1136.807431	861.7999878
1137.364227	865.7999878
1137.920965	861.2000122
1138.477647	867.0
1139.034271	867.5999756
1139.590839	868.2000122
1140.147349	868.0
1140.703802	859.5999756
1141.260198	867.7999878
1141.816537	875.7999878
1142.37282	872.5999756
1142.929045	885.2000122
1143.485213	875.7999878
1144.041323	867.2000122
1144.597377	864.5999756
1145.153374	875.4000244
1145.709314	874.5999756
1146.265197	879.0
1146.821023	891.7999878
1147.376792	891.5999756
1147.932503	879.4000244
1148.488158	877.2000122
1149.043756	893.4000244
1149.599297	947.7999878
1150.154781	1080.0
1150.710207	1024.199951
1151.265577	918.0
1151.82089	892.4000244
1152.376146	872.2000122
1152.931345	875.5999756
1153.486487	860.5999756
1154.041572	861.7999878
1154.5966	859.4000244
1155.151571	872.2000122
1155.706485	874.2000122
1156.261342	866.4000244
1156.816142	870.5999756
1157.370885	871.2000122
1157.925572	863.0
1158.480201	867.7999878
1159.034774	867.7999878
1159.589289	872.7999878
1160.143748	866.5999756
1160.698149	868.0
1161.252494	863.5999756
1161.806782	861.4000244
1162.361013	860.5999756
1162.915187	865.2000122
1163.469304	864.2000122
1164.023364	870.7999878
1164.577368	867.7999878
1165.131314	859.0
1165.685204	864.0
1166.239036	870.0
1166.792812	867.0
1167.346531	863.5999756
1167.900193	866.4000244
1168.453798	862.5999756
1169.007347	864.0
1169.560838	859.5999756
1170.114273	865.4000244
1170.66765	869.5999756
1171.220971	857.7999878
1171.774235	862.4000244
1172.327443	864.0
1172.880593	863.4000244
1173.433687	856.5999756
1173.986723	864.0
1174.539703	861.2000122
1175.092626	858.5999756
1175.645493	863.0
1176.198302	862.0
1176.751055	859.4000244
1177.303751	861.4000244
1177.85639	862.7999878
1178.408972	864.0
1178.961498	866.5999756
1179.513966	864.2000122
1180.066378	864.0
1180.618733	854.5999756
1181.171032	861.2000122
1181.723273	855.0
1182.275458	865.4000244
1182.827586	863.5999756
1183.379657	857.0
1183.931672	863.4000244
1184.48363	853.2000122
1185.035531	864.4000244
1185.587375	856.5999756
1186.139162	854.2000122
1186.690893	861.7999878
1187.242567	849.2000122
1187.794184	854.0
1188.345745	858.7999878
1188.897249	863.0
1189.448696	853.5999756
1190.000086	859.2000122
1190.55142	861.5999756
1191.102697	860.4000244
1191.653918	858.7999878
1192.205081	855.5999756
1192.756188	859.0
1193.307238	871.2000122
1193.858232	864.7999878
1194.409169	858.7999878
1194.960049	856.2000122
1195.510872	858.4000244
1196.061639	860.7999878
1196.612349	855.0
1197.163003	859.0
1197.713599	852.7999878
1198.264139	856.2000122
1198.814623	856.0
1199.36505	849.5999756
1199.91542	852.5999756
1200.465734	855.2000122
1201.01599	853.0
1201.566191	860.7999878
1202.116334	855.7999878
1202.666421	859.2000122
1203.216452	862.4000244
1203.766425	855.5999756
1204.316343	853.4000244
1204.866203	856.5999756
1205.416007	854.7999878
1205.965754	851.7999878
1206.515445	850.2000122
1207.065079	849.5999756
1207.614657	850.4000244
1208.164177	851.4000244
1208.713642	862.0
1209.26305	855.0
1209.812401	856.0
1210.361695	851.5999756
1210.910933	843.5999756
1211.460115	855.7999878
1212.00924	854.0
1212.558308	851.7999878
1213.10732	861.5999756
1213.656275	855.2000122
1214.205174	844.0
1214.754016	857.0
1215.302801	843.7999878
1215.85153	855.2000122
1216.400203	858.2000122
1216.948819	847.5999756
1217.497378	853.5999756
1218.045881	844.5999756
1218.594327	851.0
1219.142717	853.4000244
1219.691051	859.5999756
1220.239327	860.0
1220.787548	851.7999878
1221.335712	853.0
1221.883819	842.7999878
1222.43187	848.4000244
1222.979864	850.4000244
1223.527802	848.2000122
1224.075683	852.7999878
1224.623508	852.5999756
1225.171277	861.5999756
1225.718989	844.5999756
1226.266644	855.4000244
1226.814243	855.0
1227.361786	848.5999756
1227.909272	848.7999878
1228.456702	849.2000122
1229.004075	852.2000122
1229.551392	858.0
1230.098652	848.0
1230.645856	849.4000244
1231.193003	846.4000244
1231.740094	852.0
1232.287129	849.7999878
1232.834107	851.2000122
1233.381029	844.7999878
1233.927894	852.5999756
1234.474703	851.0
1235.021455	853.2000122
1235.568151	848.2000122
1236.114791	855.7999878
1236.661374	847.5999756
1237.207901	853.7999878
1237.754372	857.0
1238.300786	851.7999878
1238.847144	838.2000122
1239.393445	850.7999878
1239.93969	848.2000122
1240.485879	849.5999756
1241.032011	846.2000122
1241.578087	849.5999756
1242.124106	839.0
1242.67007	848.5999756
1243.215976	848.4000244
1243.761827	852.7999878
1244.307621	850.4000244
1244.853359	850.5999756
1245.39904	846.2000122
1245.944665	848.0
1246.490234	850.2000122
1247.035746	851.5999756
1247.581203	854.5999756
1248.126602	847.5999756
1248.671946	848.5999756
1249.217233	851.7999878
1249.762464	847.4000244
1250.307638	850.0
1250.852757	847.7999878
1251.397819	850.0
1251.942824	852.2000122
1252.487774	849.7999878
1253.032667	846.2000122
1253.577503	850.7999878
1254.122284	848.0
1254.667008	842.2000122
1255.211676	846.7999878
1255.756288	842.7999878
1256.300843	843.2000122
1256.845342	841.7999878
1257.389785	847.7999878
1257.934172	849.7999878
1258.478502	852.5999756
1259.022776	854.4000244
1259.566994	850.7999878
1260.111156	859.2000122
1260.655261	854.0
1261.199311	849.2000122
1261.743304	851.5999756
1262.28724	853.0
1262.831121	862.4000244
1263.374945	857.2000122
1263.918713	873.0
1264.462425	885.5999756
1265.006081	884.4000244
1265.54968	870.2000122
1266.093223	860.2000122
1266.636711	849.4000244
1267.180141	844.0
1267.723516	857.0
1268.266835	856.7999878
1268.810097	845.0
1269.353303	849.0
1269.896453	844.0
1270.439547	852.2000122
1270.982584	842.4000244
1271.525566	853.0
1272.068491	848.7999878
1272.61136	841.0
1273.154173	839.4000244
1273.69693	853.4000244
1274.239631	846.7999878
1274.782275	840.7999878
1275.324864	845.0
1275.867396	851.4000244
1276.409872	844.4000244
1276.952292	843.4000244
1277.494656	847.4000244
1278.036964	847.0
1278.579215	849.0
1279.121411	843.2000122
1279.66355	854.2000122
1280.205634	845.2000122
1280.747661	850.7999878
1281.289632	857.4000244
1281.831547	861.0
1282.373406	870.7999878
1282.915209	892.2000122
1283.456955	941.4000244
1283.998646	1069.800049
1284.540281	1346.0
1285.081859	1478.400024
1285.623381	1156.0
1286.164848	946.4000244
1286.706258	881.4000244
1287.247612	867.5999756
1287.788911	855.5999756
1288.330153	855.4000244
1288.871339	854.4000244
1289.412469	849.0
1289.953543	845.4000244
1290.494561	848.0
1291.035523	842.0
1291.576428	849.4000244
1292.117278	847.4000244
1292.658072	835.4000244
1293.19881	851.2000122
1293.739492	839.5999756
1294.280118	842.0
1294.820687	840.7999878
1295.361201	843.5999756
1295.901659	839.0
1296.442061	844.7999878
1296.982406	844.4000244
1297.522696	833.7999878
1298.06293	842.0
1298.603108	833.7999878
1299.143229	837.5999756
1299.683295	839.0
1300.223305	843.7999878
1300.763259	840.5999756
1301.303157	844.0
1301.842999	840.4000244
1302.382785	831.4000244
1302.922515	846.2000122
1303.462189	834.7999878
1304.001807	835.5999756
1304.541369	840.5999756
1305.080875	844.7999878
1305.620326	836.4000244
1306.15972	844.0
1306.699058	842.2000122
1307.238341	841.4000244
1307.777567	840.5999756
1308.316738	832.2000122
1308.855853	837.0
1309.394912	838.5999756
1309.933915	834.4000244
1310.472862	833.4000244
1311.011753	839.2000122
1311.550588	831.4000244
1312.089367	828.2000122
1312.62809	834.2000122
1313.166758	842.5999756
1313.70537	836.2000122
1314.243925	833.5999756
1314.782425	834.7999878
1315.320869	845.5999756
1315.859257	840.4000244
1316.397589	838.0
1316.935866	841.5999756
1317.474086	842.7999878
1318.012251	844.2000122
1318.55036	835.4000244
1319.088413	840.2000122
1319.62641	832.2000122
1320.164351	838.4000244
1320.702236	839.4000244
1321.240066	840.4000244
1321.777839	834.7999878
1322.315557	835.7999878
1322.853219	834.0
1323.390826	837.0
1323.928376	832.5999756
1324.465871	836.5999756
1325.003309	840.0
1325.540692	838.4000244
1326.07802	838.5999756
1326.615291	834.2000122
1327.152506	834.0
1327.689666	833.7999878
1328.22677	831.7999878
1328.763818	835.2000122
1329.300811	835.4000244
1329.837747	830.7999878
1330.374628	835.0
1330.911453	839.4000244
1331.448222	832.2000122
1331.984936	831.7999878
1332.521594	834.5999756
1333.058196	838.2000122
1333.594742	833.5999756
1334.131232	838.4000244
1334.667667	827.5999756
1335.204046	829.7999878
1335.740369	835.4000244
1336.276637	839.2000122
1336.812848	839.7999878
1337.349004	830.4000244
1337.885105	829.4000244
1338.421149	839.2000122
1338.957138	830.7999878
1339.493071	827.7999878
1340.028949	831.2000122
1340.56477	837.4000244
1341.100536	832.7999878
1341.636246	834.2000122
1342.171901	837.0
1342.7075	841.5999756
1343.243043	832.4000244
1343.77853	835.5999756
1344.313962	834.2000122
1344.849338	834.5999756
1345.384659	836.2000122
1345.919923	830.5999756
1346.455133	829.5999756
1346.990286	830.2000122
1347.525384	835.7999878
1348.060426	832.5999756
1348.595412	831.0
1349.130343	831.0
1349.665218	828.7999878
1350.200037	836.5999756
1350.734801	832.2000122
1351.269509	828.7999878
1351.804162	830.4000244
1352.338758	828.4000244
1352.8733	838.0
1353.407785	832.2000122
1353.942215	830.7999878
1354.476589	823.2000122
1355.010908	845.2000122
1355.545171	836.4000244
1356.079379	831.4000244
1356.61353	835.7999878
1357.147627	832.4000244
1357.681667	829.5999756
1358.215652	828.7999878
1358.749582	834.4000244
1359.283456	830.0
1359.817274	829.0
1360.351037	835.5999756
1360.884744	822.2000122
1361.418395	832.2000122
1361.951991	831.7999878
1362.485531	829.5999756
1363.019016	828.0
1363.552445	828.2000122
1364.085819	831.4000244
1364.619137	831.0
1365.1524	838.5999756
1365.685607	836.0
1366.218758	829.4000244
1366.751854	830.4000244
1367.284894	831.2000122
1367.817879	829.0
1368.350808	833.4000244
1368.883682	832.4000244
1369.4165	830.5999756
1369.949263	854.7999878
1370.48197	843.0
1371.014622	825.7999878
1371.547218	829.7999878
1372.079758	833.4000244
1372.612244	831.5999756
1373.144673	833.0
1373.677047	825.7999878
1374.209366	828.7999878
1374.741629	827.5999756
1375.273836	834.2000122
1375.805989	827.4000244
1376.338085	829.4000244
1376.870126	829.2000122
1377.402112	828.7999878
1377.934042	831.0
1378.465917	824.4000244
1378.997736	831.2000122
1379.5295	828.2000122
1380.061208	826.0
1380.592861	833.4000244
1381.124459	828.5999756
1381.656	834.0
1382.187487	838.0
1382.718918	837.4000244
1383.250294	836.4000244
1383.781614	831.4000244
1384.312879	842.4000244
1384.844088	840.4000244
1385.375242	847.4000244
1385.90634	872.7999878
1386.437383	892.2000122
1386.968371	947.2000122
1387.499303	1150.0
1388.03018	1814.599976
1388.561001	1940.800049
1389.091767	1204.400024
1389.622478	924.5999756
1390.153133	875.7999878
1390.683733	846.7999878
1391.214277	845.7999878
1391.744766	841.4000244
1392.2752	832.5999756
1392.805578	829.2000122
1393.335901	822.5999756
1393.866168	826.2000122
1394.396381	824.4000244
1394.926537	818.0
1395.456639	834.4000244
1395.986685	825.2000122
1396.516675	822.7999878
1397.046611	820.2000122
1397.576491	826.5999756
1398.106315	829.5999756
1398.636084	830.0
1399.165798	822.2000122
1399.695457	827.0
1400.22506	823.7999878
1400.754608	830.5999756
1401.284101	827.4000244
1401.813538	823.2000122
1402.34292	824.4000244
1402.872247	826.0
1403.401518	833.0
1403.930734	824.4000244
1404.459895	826.0
1404.989	827.7999878
1405.51805	816.2000122
1406.047045	834.2000122
1406.575984	830.0
1407.104869	828.5999756
1407.633697	831.2000122
1408.162471	840.7999878
1408.691189	861.4000244
1409.219852	883.2000122
1409.74846	902.0
1410.277013	881.5999756
1410.80551	843.7999878
1411.333952	830.0
1411.862339	828.4000244
1412.39067	823.5999756
1412.918946	821.5999756
1413.447167	822.5999756
1413.975333	820.4000244
1414.503444	820.5999756
1415.031499	822.4000244
1415.559499	826.7999878
1416.087444	813.4000244
1416.615333	824.0
1417.143167	821.2000122
1417.670947	818.2000122
1418.19867	820.5999756
1418.726339	819.5999756
1419.253952	821.5999756
1419.781511	824.2000122
1420.309014	812.2000122
1420.836461	820.2000122
1421.363854	823.5999756
1421.891191	817.5999756
1422.418474	819.7999878
1422.945701	821.0
1423.472872	821.0
1423.999989	815.2000122
1424.52705	829.7999878
1425.054057	821.5999756
1425.581008	823.2000122
1426.107904	824.0
1426.634745	824.4000244
1427.16153	822.0
1427.688261	818.0
1428.214936	812.2000122
1428.741556	816.7999878
1429.268121	819.0
1429.794631	825.5999756
1430.321085	811.0
1430.847485	821.5999756
1431.373829	823.0
1431.900118	817.2000122
1432.426353	821.5999756
1432.952532	815.5999756
1433.478655	812.7999878
1434.004724	825.2000122
1434.530738	821.7999878
1435.056696	817.0
1435.5826	811.7999878
1436.108448	820.0
1436.634241	821.2000122
1437.159979	820.7999878
1437.685662	817.0
1438.21129	814.0
1438.736863	821.0
1439.262381	814.0
1439.787843	814.4000244
1440.313251	812.0
1440.838603	818.2000122
1441.3639	814.0
1441.889143	812.4000244
1442.41433	823.2000122
1442.939462	816.0
1443.464539	816.0
1443.989561	813.2000122
1444.514528	816.5999756
1446.089099	820.4000244
1446.613846	820.4000244
1447.138537	822.2000122
1447.663174	818.2000122
1448.187756	806.0
1448.712282	814.7999878
1449.236754	816.5999756
1449.761171	815.4000244
1450.285532	814.5999756
1450.809839	820.0
1451.33409	813.7999878
1451.858287	816.4000244
1452.382428	808.4000244
1452.906515	814.0
1453.430546	814.5999756
1453.954523	808.7999878
1454.478444	816.2000122
1455.002311	812.0
1455.526123	823.7999878
1456.049879	810.4000244
1456.573581	811.2000122
1457.097227	808.7999878
1457.620819	815.0
1458.144356	812.7999878
1458.667837	815.2000122
1459.191264	807.0
1459.714636	811.4000244
1460.237952	813.7999878
1460.761214	812.4000244
1461.284421	813.0
1461.807573	815.2000122
1462.33067	811.5999756
1462.853712	812.7999878
1463.376699	819.2000122
1463.899632	817.4000244
1464.422509	817.2000122
1464.945331	808.5999756
1465.468099	818.0
1465.990811	810.7999878
1466.513469	809.5999756
1467.036071	816.0
1467.558619	813.5999756
1468.081112	808.4000244
1468.60355	811.0
1469.125933	809.4000244
1469.648261	816.4000244
1470.170534	814.0
1470.692752	806.7999878
1471.214916	806.2000122
1471.737024	807.2000122
1472.259078	812.5999756
1472.781077	806.7999878
1473.303021	803.4000244
1473.82491	809.0
1474.346744	809.5999756
1474.868523	805.0
1475.390248	810.7999878
1475.911917	808.7999878
1476.433532	809.7999878
1476.955092	811.5999756
1477.476597	808.2000122
1477.998047	810.5999756
1478.519442	807.2000122
1479.040783	810.4000244
1479.562068	811.2000122
1480.083299	805.4000244
1480.604475	813.7999878
1481.125596	807.2000122
1481.646663	801.7999878
1482.167674	807.2000122
1482.688631	804.7999878
1483.209533	815.7999878
1483.73038	805.5999756
1484.251172	807.7999878
1484.771909	811.4000244
1485.292592	816.4000244
1485.81322	807.7999878
1486.333793	804.0
1486.854311	807.4000244
1487.374775	816.2000122
1487.895183	808.4000244
1488.415537	809.0
1488.935836	804.7999878
1489.456081	811.5999756
1489.97627	811.0
1490.496405	808.2000122
1491.016485	808.4000244
1491.536511	807.0
1492.056481	814.2000122
1492.576397	809.4000244
1493.096258	805.4000244
1493.616064	810.5999756
1494.135816	809.4000244
1494.655513	808.4000244
1495.175155	806.4000244
1495.694742	810.2000122
1496.214274	806.5999756
1496.733752	805.4000244
1497.253175	802.4000244
1497.772544	801.4000244
1498.291858	804.7999878
1498.811116	809.0
1499.330321	810.0
1499.84947	809.2000122
1500.368565	801.0
1500.887605	801.2000122
1501.406591	802.2000122
1501.925521	806.0
1502.444397	805.4000244
1502.963219	805.0
1503.481985	810.0
1504.000697	808.2000122
1504.519355	799.4000244
1505.037957	804.7999878
1505.556505	804.5999756
1506.074999	807.4000244
1506.593437	806.2000122
1507.111821	806.4000244
1507.63015	800.7999878
1508.148425	805.0
1508.666645	798.5999756
1509.18481	803.4000244
1509.702921	803.4000244
1510.220977	802.2000122
1510.738979	810.0
1511.256925	800.2000122
1511.774817	803.5999756
1512.292655	804.7999878
1512.810438	810.4000244
1513.328166	802.7999878
1513.84584	801.5999756
1514.363459	801.5999756
1514.881023	799.7999878
1515.398533	804.0
1515.915988	808.0
1516.433389	799.5999756
1516.950734	797.7999878
1517.468026	803.4000244
1517.985263	805.5999756
1518.502445	795.7999878
1519.019572	809.0
1519.536645	805.4000244
1520.053664	809.4000244
1520.570628	802.2000122
1521.087537	800.7999878
1521.604392	810.0
1522.121192	800.5999756
1522.637937	803.0
1523.154628	799.5999756
1523.671265	804.0
1524.187847	808.2000122
1524.704374	804.5999756
1525.220847	796.2000122
1525.737265	801.5999756
1526.253629	797.5999756
1526.769938	802.4000244
1527.286192	802.4000244
1527.802392	804.4000244
1528.318538	801.2000122
1528.834629	806.7999878
1529.350666	809.5999756
1529.866648	800.5999756
1530.382575	799.5999756
1530.898448	799.0
1531.414266	804.4000244
1531.93003	797.4000244
1532.44574	800.5999756
1532.961395	798.0
1533.476995	803.5999756
1533.992541	800.4000244
1534.508033	802.4000244
1535.02347	798.5999756
1535.538852	798.2000122
1536.05418	802.5999756
1536.569454	794.2000122
1537.084673	802.4000244
1537.599837	790.7999878
1538.114947	795.5999756
1538.630003	801.4000244
1539.145004	800.2000122
1539.659951	803.2000122
1540.174843	796.4000244
1540.689681	801.0
1541.204465	800.4000244
1541.719194	804.7999878
1542.233868	801.4000244
1542.748488	803.2000122
1543.263054	802.0
1543.777565	803.0
1544.292022	798.5999756
1544.806424	798.4000244
1545.320772	801.5999756
1545.835066	799.5999756
1546.349305	806.0
1546.863489	803.5999756
1547.37762	801.4000244
1547.891696	800.2000122
1548.405717	802.0
1548.919684	797.7999878
1549.433597	800.0
1549.947455	801.5999756
1550.461259	804.7999878
1550.975009	806.5999756
1551.488704	797.0
1552.002345	801.0
1552.515931	799.0
1553.029463	800.5999756
1553.542941	801.5999756
1554.056364	793.4000244
1554.569733	802.5999756
1555.083048	800.0
1555.596308	798.2000122
1556.109514	799.2000122
1556.622665	808.5999756
1557.135762	799.0
1557.648805	803.5999756
1558.161794	790.7999878
1558.674728	801.4000244
1559.187608	792.7999878
1559.700433	792.5999756
1560.213205	798.0
1560.725921	807.0
1561.238584	804.5999756
1561.751192	803.4000244
1562.263746	799.5999756
1562.776246	799.7999878
1563.288691	800.5999756
1563.801082	794.7999878
1564.313419	799.2000122
1564.825701	787.5999756
1565.337929	797.2000122
1565.850103	795.5999756
1566.362223	797.0
1566.874288	799.0
1567.386299	798.0
1567.898256	796.5999756
1568.410158	794.5999756
1568.922007	792.0
1569.4338	794.0
1569.94554	799.5999756
1570.457226	795.0
1570.968857	796.7999878
1571.480434	801.7999878
1571.991956	805.2000122
1572.503425	802.4000244
1573.014839	805.7999878
1573.526199	800.7999878
1574.037505	801.7999878
1574.548756	802.2000122
1575.059953	794.7999878
1575.571096	794.0
1576.082185	794.5999756
1576.59322	799.0
1577.1042	794.5999756
1577.615126	792.7999878
1578.125998	795.7999878
1578.636816	800.2000122
1579.14758	794.4000244
1579.658289	792.0
1580.168944	789.7999878
1580.679545	798.7999878
1581.190092	791.5999756
1581.700585	793.4000244
1582.211023	797.4000244
1582.721407	800.5999756
1583.231737	799.0
1583.742013	799.5999756
1584.252235	797.7999878
1584.762403	801.2000122
1585.272516	799.2000122
1585.782575	804.4000244
1586.292581	794.4000244
1586.802532	800.2000122
1587.312428	792.2000122
1587.822271	796.7999878
1588.33206	802.4000244
1588.841794	795.5999756
1589.351474	802.0
1589.8611	794.4000244
1590.370672	793.2000122
1590.88019	799.4000244
1591.389654	792.7999878
1591.899064	797.4000244
1592.408419	797.2000122
